37 19 7 9 47 1 11 22 6 18 31 13 34 15 46 3 4 43 25 21 12 27 38 10 45 50 20 49 41 42 30 32 16 40 48 8 29 44 39 36 35 23 24 17 33 14 5 28 2 26
44 24 49 2 41 11 34 17 31 3 28 6 39 1 50 5 33 23 48 16 27 4 30 7 46 8 47 15 38 13 26 9 35 12 40 21 45 25 37 20 32 14 43 18 29 19 22 36 10 42
7 29 5 30 22 42 2 43 17 1 19 33 10 45 16 39 15 49 21 50 11 44 23 27 4 40 3 31 25 32 13 36 8 28 6 41 14 46 26 47 24 35 12 38 9 37 18 48 20 34
41 27 9 31 8 35 5 12 21 29 11 19 16 34 6 25 3 49 13 17 48 45 14 2 47 40 38 30 20 23 22 26 43 36 50 15 28 18 4 32 7 42 10 24 1 33 44 39 46 37
10 11 27 14 20 17 4 24 15 7 44 3 36 28 43 6 1 35 31 22 12 8 5 13 16 37 40 32 21 42 19 47 49 23 41 38 48 26 29 46 30 34 50 25 2 39 33 18 9 45
7 3 8 12 15 4 5 6 14 16 13 1 2 9 11 10
17 12 42 41 46 9 23 18 43 32 49 13 36 11 31 20 21 15 34 25 33 22 24 7 40 28 37 10 8 48 45 47 1 16 6 44 35 50 2 39 26 27 5 19 14 30 29 38 3 4
27 31 30 43 5 29 16 36 14 34 23 49 21 39 20 10 28 6 26 38 11 32 8 44 33 7 15 13 9 18 45 22 40 48 47 2 50 4 37 12 17 19 24 41 46 3 1 25 42 35
1 29 28 27 26 25 24 23 22 21 20 19 18 17 16 15 14 13 12 11 10 9 8 7 6 5 4 3 2 30
1 12 11 10 9 8 7 6 5 4 3 2 13 14 15 16 18 17 20 19 25 21 26 22 24 23 35 27 34 33 41 38 39 36 42 37 40 29 28 49 46 47 48 45 31 32 30 44 43 50
3 4 1 2 5 6 7 8
14 12 21 19 13 11 48 30 35 28 44 46 34 47 9 42 39 22 37 10 17 49 45 38 20 2 26 31 16 6 50 43 7 25 29 8 33 32 23 18 27 36 5 24 40 41 1 4 15 3
48 37 28 17 25 30 46 35 4 8 47 5 31 11 40 43 2 18 10 41 14 13 29 50 15 20 22 36 23 21 49 33 26 16 32 6 45 9 39 44 42 7 24 38 3 19 27 12 1 34
32 41 42 5 28 46 3 27 29 12 7 17 6 22 31 35 8 1 9 15 24 13 21 40 43 37 47 16 4 38 34 39 33 48 23 49 30 26 44 25 36 2 11 19 10 20 18 45 50 14
29 40 35 33 2 43 34 17 7 14 41 42 48 10 22 20 13 3 8 45 46 24 1 19 50 6 4 36 37 11 44 27 38 9 49 31 21 26 16 23 30 25 39 15 5 12 32 47 18 28
12 22 13 35 41 20 18 15 48 40 36 9 34 17 42 19 14 23 45 29 32 24 16 8 33 6 49 38 43 10 26 46 21 1 44 37 28 4 3 47 31 27 11 7 5 30 39 50 25 2
19 13 34 49 28 39 29 47 6 35 27 10 45 17 31 40 9 42 4 43 18 8 22 5 24 16 23 30 12 25 3 32 15 33 20 48 21 46 11 44 37 14 50 7 41 2 36 1 38 26
30 29 28 24 23 7 14 38 31 32 36 37 25 26 27 42 43 44 45 33 34 35 15 22 21 20 16 17 18 19 11 10 9 8 12 13 1 2 3 4 48 47 6 5 41 40 39 46
1 6 2 5 3 4
17 21 23 31 6 33 12 20 47 18 40 13 1 30 29 35 3 11 49 50 27 45 34 16 8 2 32 22 42 25 26 38 9 46 19 37 10 15 36 7 24 41 14 5 44 4 39 43 28 48
4 50 13 11 45 41 26 3 14 9 31 22 49 23 2 39 7 37 17 47 36 43 16 46 15 38 30 1 44 34 19 42 35 28 21 25 32 29 18 6 33 27 20 48 10 12 5 40 8 24
5 23 7 25 31 15 24 29 14 8 35 33 18 36 22 40 21 28 19 37 13 44 2 12 17 32 6 34 27 20 38 26 11 39 30 41 1 9 42 3 16 10 4 43
1 2 3 4 5 6 7 8 9 10 11 12 13 14 15 16 17 18 19 20 21 22 23 24 25 26 27 28 29 30 31 32 33 34 35 36 37 38 39 40 41 42 43 44 45 46 47 48 49 50
23 10 5 25 2 15 6 12 21 22 18 20 14 13 17 4 1 7 24 26 9 19 11 8 3 16
14 10 12 13 5 17 20 6 8 15 3 1 18 2 4 9 7 16 11 19
7 43 3 32 11 34 19 35 17 39 27 40 1 8 9 44 21 2 48 25 18 26 14 5 42 46 4 47 24 15 37 28 20 50 12 10 13 6 41 31 30 45 38 33 16 22 49 29 36 23
33 25 14 24 11 29 1 18 26 9 6 36 21 37 40 3 15 46 10 28 49 48 38 23 17 41 34 4 39 22 30 35 50 19 2 13 8 5 47 43 27 42 44 16 32 45 7 20 12 31
16 23 28 13 14 35 38 21 30 36 17 26 15 46 44 37 6 41 45 43 33 2 48 47 5 18 40 20 3 11 25 34 32 49 1 24 42 10 7 8 29 50 19 12 22 4 31 9 27 39
41 13 32 35 48 50 8 42 12 28 3 34 11 16 43 45 2 47 22 49 17 25 36 4 23 18 21 44 6 31 27 15 30 9 46 14 33 40 19 24 37 20 26 38 5 7 29 10 1 39
5 3 38 25 8 36 22 12 48 42 23 28 18 14 1 26 9 17 43 7 40 44 13 39 20 45 19 46 29 33 11 47 37 30 15 34 24 6 49 50 41 35 31 16 32 27 10 21 2 4
6 21 22 41 28 48 17 39 2 42 26 15 43 25 44 35 38 5 19 13 8 10 18 31 9 14 7 16 3 12 37 45 49 36 50 11 34 27 24 20 32 4 29 40 1 33 46 23 47 30
4 6 7 8 9 10 11 13 12 14 15 16 17 18 19 21 20 22 23 24 25 26 27 29 28 30 31 32 33 34 35 37 36 38 39 40 41 42 43 45 44 46 47 48 1 2 3 5
28 26 42 43 10 35 12 41 16 25 39 31 8 46 19 37 7 36 14 38 49 30 33 45 3 4 1 24 18 11 17 32 34 13 44 5 22 27 29 20 48 6 40 9 47 15 2 50 23 21
5 42 27 11 43 32 50 22 49 29 28 33 40 46 7 26 35 19 39 37 12 48 20 25 8 6 47 14 2 17 10 4 44 16 13 23 34 3 24 21 18 38 41 1 45 15 30 36 31 9
3 37 49 36 48 10 31 46 28 21 7 16 12 2 19 44 27 5 34 14 38 17 4 20 45 6 25 15 43 40 13 47 18 33 9 23 24 26 35 39 11 50 41 32 29 30 1 42 8 22
45 41 42 47 48 44 43 38 39 40 36 37 33 34 35 27 28 32 31 26 25 29 30 14 13 9 10 15 16 12 11 46 19 18 17 21 20 24 23 22 6 7 8 4 3 2 1 5
12 1 14 13 5 3 4 9 6 7 15 11 10 8 2 38 26 41 50 17 45 32 43 36 42 18 39 28 16 24 30 49 25 34 31 46 27 19 20 48 40 22 44 21 23 47 33 29 35 37
2 1 7 6 3 4 5 10 9 8 11 12 13 16 20 14 15 17 19 18 21 22 23 24 30 29 27 25 26 28
14 19 34 38 50 13 12 15 36 42 2 17 7 28 35 49 18 24 31 45 32 9 4 20 29 46 41 25 11 16 39 27 21 6 23 37 33 48 3 1 10 43 30 26 8 22 5 47 40 44
12 22 14 42 6 24 26 10 45 49 28 19 18 33 16 15 44 27 23 43 32 37 41 3 40 17 38 39 46 36 7 21 50 8 13 2 34 48 5 47 25 29 9 11 4 1 35 20 30 31
47 41 48 37 40 39 45 8 7 16 13 18 15 36 33 34 25 42 27 46 43 50 29 30 17 20 19 22 4 31 32 23 24 3 14 9 26 21 38 35 44 11 28 5 10 2 12 1 6 49
1 6 11 14 26 41 13 15 49 32 50 7 19 3 33 30 35 40 20 46 37 29 22 18 24 4 42 48 16 34 44 21 47 2 12 38 25 10 43 8 28 23 31 17 5 27 39 45 9 36
20 29 9 38 33 1 42 15 48 50 49 24 47 26 6 18 12 21 40 5 39 4 23 45 44 41 11 7 3 8 35 36 2 14 46 13 32 30 19 25 34 37 22 28 16 31 17 43 10 27
9 4 6 3 7 10 8 5 1 2
35 33 34 8 50 48 47 19 13 16 40 32 39 15 12 14 44 41 43 3 9 5 46 42 45 4 6 1 38 31 37 10 2 7 36 30 24 26 25 22 28 23 27 21 29 20 49 17 11 18
40 38 41 27 26 37 30 32 50 43 25 31 36 15 6 8 17 10 2 19 33 45 47 46 23 35 44 20 7 29 16 5 11 28 21 4 13 49 3 48 24 18 14 39 42 34 9 12 1 22
48 35 14 26 9 18 34 47 15 27 38 29 1 44 19 40 12 37 11 6 36 8 22 28 41 21 20 39 24 7 50 43 23 17 13 3 16 2 31 49 10 45 42 4 25 5 30 46 32 33
18 17 22 24 27 29 42 2 32 41 36 7 9 46 8 3 35 11 44 49 45 6 1 30 23 40 21 37 48 50 4 38 19 34 43 33 10 5 26 20 39 47 25 31 28 12 13 14 15 16
7 25 36 14 28 44 30 12 11 35 39 24 15 50 49 5 16 43 47 37 42 26 38 32 13 33 45 21 1 17 48 40 27 6 20 10 34 22 23 41 29 31 46 18 9 3 4 2 19 8
24 50 33 20 23 8 28 3 47 41 26 16 45 14 46 22 34 6 7 5 40 39 19 43 1 42 49 10 25 27 32 36 48 21 2 17 38 30 44 12 29 11 4 13 31 37 35 15 18 9
37 48 36 12 35 38 24 13 11 40 3 39 9 22 8 27 10 31 46 47 15 25 42 20 6 2 14 18 17 44 33 19 26 23 1 43 50 28 16 34 41 45 32 29 49 21 4 5 7 30
13 16 43 37 35 24 36 28 15 3 39 23 26 11 44 48 50 4 1 42 18 20 33 21 34 2 41 31 32 19 14 6 29 47 38 9 12 27 49 30 17 46 10 25 7 40 8 5 45 22
9 40 7 23 41 18 20 13 38 34 33 37 28 6 27 17 12 15 4 36 44 49 45 39 25 10 46 35 29 3 50 30 5 31 47 2 32 48 22 1 14 26 11 19 21 43 42 8 24 16
11 15 19 22 5 13 3 10 14 20 6 18 12 2 8 4 21 9 16 17 7 1
15 16 12 13 9 10 11 38 39 40 36 37 33 34 35 30 31 32 28 29 25 26 27 19 18 17 21 20 24 23 22 43 42 41 45 44 48 47 46 14 6 5 1 2 3 4 8 7
40 43 49 16 31 4 13 10 23 18 17 15 6 3 39 30 48 44 36 5 29 45 32 20 24 37 27 19 22 50 41 46 26 12 35 7 38 33 34 25 1 9 11 2 21 14 28 42 8 47
1 2 4 3
5 8 2 4 3 9 10 1 7 6
42 43 49 50 45 44 48 47 46 41 40 39 33 34 38 37 36 32 31 35 30 29 23 22 21 26 27 28 24 25 20 19 13 12 11 16 17 18 14 15 10 9 3 2 1 6 7 8 4 5
21 44 23 28 32 34 13 15 14 27 48 4 10 39 11 42 33 2 50 9 1 49 43 12 6 30 45 36 20 25 22 16 31 47 41 35 38 5 19 7 37 46 24 3 8 26 40 17 29 18
29 26 19 39 38 16 27 37 48 14 44 6 30 7 12 25 5 2 34 35 23 15 42 8 43 10 9 18 22 28 24 41 40 47 20 11 17 4 36 33 46 45 1 49 50 32 21 13 3 31
3 1 20 44 35 50 9 16 40 32 29 23 19 12 36 38 14 7 6 30 48 24 22 46 49 41 11 15 17 47 45 34 10 5 18 42 37 27 13 8 4 28 43 39 21 25 2 26 31 33
16 42 19 3 22 30 13 24 8 26 4 15 45 35 1 20 6 28 41 40 25 37 14 2 43 5 27 48 47 34 9 36 39 32 38 46 50 18 7 49 23 12 21 31 29 10 17 44 11 33
4 2 1 3
27 29 19 3 50 24 13 32 20 43 4 31 14 47 37 16 18 2 42 9 1 26 33 22 10 6 48 36 41 7 39 34 5 40 28 45 17 12 11 30 8 49 38 25 21 23 46 35 15 44
46 47 48 49 50 26 25 24 23 22 21 20 19 18 17 16 15 14 13 12 11 10 9 8 7 6 5 4 3 2 1 27 28 29 30 31 32 33 34 35 36 37 45 44 43 42 41 40 39 38
29 33 39 2 10 40 37 8 23 13 6 16 19 21 25 17 15 4 1 34 26 18 31 9 22 36 38 7 12 28 5 35 32 11 3 14 27 24 20 30
1 3 5 6 8 10 9 7 11 12 14 16 15 13 17 18 20 22 21 19 23 24 26 28 27 25 29 30 32 34 33 31 35 36 38 40 39 37 41 42 44 46 45 43 47 48 49 50 2 4
46 34 4 43 30 22 41 14 21 48 5 16 27 20 2 19 3 45 10 38 1 47 28 42 6 49 18 35 39 33 50 13 24 32 31 8 40 11 9 15 12 7 29 44 23 17 36 25 26 37
1 17 36 50 35 22 34 31 38 14 19 26 43 9 40 46 23 30 2 16 10 37 39 21 48 25 13 11 18 49 15 42 6 7 4 3 32 5 27 47 29 24 44 28 45 12 33 8 41 20
4 6 1 8 5 2 7 10 3 9
41 34 35 36 32 31 30 29 33 50 37 38 39 40 44 43 42 49 45 46 47 48 13 17 10 11 12 8 7 6 22 23 24 28 27 26 14 15 16 20 19 18 25 21 1 4 3 2 9 5
5 50 29 46 36 17 24 38 28 40 3 21 15 30 25 37 47 14 22 18 7 13 43 19 39 16 45 31 12 32 11 49 27 2 26 1 44 48 35 20 4 10 8 41 42 6 34 23 9 33
1 2 3 4 5 6 7 8 9 10 11 12 13 14 15 16 17 18 19 20 21 22 23 24 25 26 27 28 29 30 31 32 33 34 35 36 37 38 39 40 41 42 43 44 45 46 47 48
14 16 7 17 2 18 13 10 1 6 5 8 15 12 11 3 4 9
23 15 22 24 9 3 26 10 11 5 21 2 25 27 8 14 28 1 13 18 12 6 16 19 4 17 20 7
24 39 9 17 16 13 36 4 26 29 12 2 23 32 5 37 8 35 40 19 30 11 31 28 38 25 22 1 18 6 27 34 33 7 10 20 14 21 3 15
33 16 14 10 36 20 8 39 47 3 40 48 22 30 7 46 29 34 1 25 17 43 49 37 23 31 21 32 35 9 18 15 38 6 28 5 4 44 42 26 50 41 27 24 12 13 45 2 11 19
10 34 35 5 30 17 27 26 42 50 32 11 24 33 14 39 7 43 3 46 38 45 25 48 16 29 19 22 12 13 47 9 49 4 44 21 1 37 8 15 40 41 23 28 20 2 6 18 31 36
3 4 5 6 7 8 9 10 11 12 13 14 15 16 17 18 19 20 21 22 23 24 25 26 27 28 29 30 31 32 33 34 35 36 37 38 39 40 41 42 43 44 45 46 47 48 49 50 1 2
12 3 11 38 46 37 18 25 29 47 33 14 24 5 40 42 36 13 2 1 30 43 45 20 19 4 27 49 16 22 50 48 28 15 7 10 32 31 39 21 6 23 41 26 9 17 8 44 35 34
32 34 38 3 35 11 10 40 6 39 12 28 8 42 47 36 13 2 15 46 37 31 5 21 43 18 48 41 7 4 25 29 23 22 45 17 16 27 20 26 14 33 44 9 24 49 1 30 50 19
37 9 48 20 19 38 6 4 1 26 17 39 41 44 14 3 33 27 30 22 32 25 47 15 28 23 31 42 2 12 11 29 40 35 7 18 10 36 13 34 5 16 8 24 21 46 45 43 50 49
36 34 10 43 30 7 35 46 12 31 41 25 18 5 48 23 1 28 33 32 3 16 24 49 19 20 40 11 47 38 39 8 9 6 44 17 29 21 22 13 50 2 14 37 45 4 42 27 15 26
31 2 29 35 20 33 26 3 32 25 41 43 21 24 18 48 17 34 40 46 9 5 36 27 50 49 38 39 19 13 44 22 47 30 16 8 6 12 42 10 14 23 45 11 7 28 37 1 4 15
15 24 22 7 27 17 10 23 18 3 20 13 6 29 14 11 28 19 2 8 16 5 26 12 9 21 25 4 1 30
1 49 43 42 46 41 40 45 44 48 47 5 4 8 7 6 50 2 3 9 10 15 14 18 17 16 11 12 13 19 20 25 24 28 27 26 21 22 23 29 30 35 34 38 37 36 31 32 33 39
28 5 31 33 44 16 19 9 4 48 45 34 8 43 40 18 10 25 21 6 26 13 20 42 3 38 17 30 47 49 35 14 1 23 50 29 15 32 46 36 7 41 2 37 22 27 11 24 12 39
2 5 6 1 3 4
10 5 50 18 36 34 14 12 8 23 45 4 16 40 17 3 35 49 25 47 19 48 33 13 43 6 38 27 9 24 11 1 44 29 30 31 42 39 2 22 32 7 37 15 26 28 46 20 41 21
28 5 11 41 13 6 48 42 22 20 10 12 40 35 16 4 26 33 18 24 30 9 32 45 47 21 31 2 19 39 37 7 27 15 1 29 46 17 36 49 23 8 14 3 38 50 25 43 44 34
14 21 24 3 2 16 18 26 17 1 12 32 4 23 27 22 7 25 13 10 31 29 6 19 20 5 9 8 28 30 15 11
31 42 40 45 15 34 50 25 13 37 48 44 30 39 49 47 14 9 36 16 29 46 18 6 38 1 19 27 41 11 4 35 12 8 26 32 5 17 43 22 20 21 2 7 24 33 3 23 10 28
3 2 1 5 4 7 8 6
12 29 43 20 1 31 10 14 21 3 6 7 15 11 26 5 13 41 17 30 34 42 45 23 37 9 19 36 48 46 16 40 4 44 18 49 25 35 27 33 2 47 8 50 38 28 22 24 32 39
13 26 40 45 21 49 37 10 33 14 16 29 2 35 44 5 7 32 24 36 47 1 39 3 17 50 38 28 19 4 27 12 31 18 9 48 25 11 6 30 20 15 41 34 23 22 42 43 8 46
15 35 5 44 30 45 9 49 41 8 1 18 6 25 50 34 23 4 10 43 24 27 36 7 11 33 3 17 38 37 46 16 32 13 47 22 26 2 48 40 21 31 29 14 19 42 12 28 20 39
49 47 28 12 48 42 19 26 1 23 27 46 2 11 14 30 4 32 37 31 20 18 36 15 8 45 9 40 10 38 35 25 3 24 17 7 6 39 44 41 34 22 16 50 21 13 33 43 29 5
14 13 12 4 3 16 15 6 7 8 9 11 10 5 1 2
1 6 5 8 3 4 7 2 10 9
5 4 3 8 7 6 1 2
9 10 5 1 2 7 3 4 6 8
18 36 33 11 31 40 32 26 39 3 25 10 28 46 24 45 2 19 5 14 8 21 9 4 34 20 16 27 42 12 48 17 44 13 29 22 43 35 37 47 15 41 23 1 7 6 38 30
36 4 22 46 12 23 13 26 43 49 24 3 1 37 2 40 9 10 14 50 17 31 48 19 28 42 41 5 45 39 34 15 8 32 35 44 11 33 21 20 18 16 7 25 30 38 6 27 47 29
39 42 40 37 34 31 29 26 24 21 19 16 15 12 10 8 7 5 2 1 3 4 6 9 11 13 14 17 18 20 23 22 25 27 28 30 32 35 33 36 38 41 43 46 48 45 44 47 49 50
49 50 41 25 16 24 36 33 46 3 22 32 28 27 34 5 10 23 37 14 18 31 38 29 1 47 8 17 35 2 4 39 30 15 6 26 21 43 44 9 42 40 48 45 11 13 19 7 12 20
50 20 15 33 25 26 8 5 41 7 46 47 35 27 18 44 42 13 11 19 10 48 3 17 24 37 30 1 38 2 39 43 22 12 16 45 28 14 21 49 23 32 6 4 29 36 34 9 40 31
3 34 5 39 24 43 27 21 8 25 15 10 49 40 26 30 35 12 28 47 50 17 29 44 37 4 9 31 38 41 19 20 6 48 13 36 16 23 18 11 14 22 45 7 42 32 46 33 2 1
10 2 22 19 13 7 3 8 21 15 12 4 1 9 16 14 6 11 5 20 18 17
35 34 37 33 40 38 31 39 36 32 22 25 28 23 29 26 24 27 21 1 6 4 5 7 3 2 9 8 10 30 11 13 15 16 17 12 19 14 18 20 45 41 47 42 44 48 43 50 49 46
4 5 1 6 2 3
7 8 5 3 2 1 4 6 22 11 10 9 12 13 16 15 14 19 18 17 20 21 24 23
8 9 2 4 15 12 11 5 10 3 14 47 16 28 13 33 30 39 38 40 29 23 24 21 22 26 25 49 50 37 27 48 44 45 43 46 19 36 35 34 31 32 41 42 17 18 1 7 6 20
27 28 29 34 49 48 47 46 45 44 43 42 41 40 39 38 37 36 35 4 3 2 5 6 7 8 9 10 11 12 13 14 15 16 17 18 19 20 21 22 23 24 1 25 26 50 30 31 32 33
38 31 14 25 22 15 40 37 34 4 49 3 5 1 29 10 32 11 9 42 26 19 48 33 8 46 17 39 27 6 43 21 13 2 30 23 45 50 36 41 7 44 35 16 18 47 20 28 12 24
4 38 37 42 50 11 9 33 40 14 7 31 27 19 3 8 41 10 39 17 13 45 12 25 1 6 36 22 26 35 34 2 28 15 32 30 47 23 49 16 20 48 24 18 43 5 29 21 46 44
12 20 19 13 15 14 18 5 8 9 1 11 17 10 3 4 2 16 7 6
21 31 44 23 40 38 41 13 48 28 29 5 26 27 19 46 36 30 10 25 39 32 37 7 8 33 24 1 2 47 22 17 45 3 42 43 18 11 20 9 4 12 16 15 14 6 35 34
10 43 38 7 27 17 47 30 20 46 13 39 3 33 12 44 48 34 11 18 49 1 16 28 21 19 22 15 14 26 35 8 37 29 9 31 50 42 45 32 2 36 40 24 4 25 41 6 5 23
21 47 48 5 10 23 35 24 36 29 11 28 45 2 44 30 16 18 37 32 38 1 19 33 20 22 43 40 26 9 8 12 41 13 27 7 25 50 4 31 14 42 49 15 34 46 39 17 3 6
40 4 19 15 50 10 13 26 42 47 48 17 8 1 21 46 39 7 20 12 6 14 34 16 11 28 2 49 32 37 3 44 38 24 18 45 27 9 22 23 30 25 33 36 41 31 35 5 29 43
37 15 2 16 12 26 20 14 11 17 23 28 39 33 30 22 29 18 21 24 27 8 31 38 6 40 9 7 36 25 1 4 5 19 34 10 35 13 32 3
41 20 18 22 48 13 47 46 12 9 2 17 14 43 24 50 28 36 30 25 32 8 1 21 42 44 23 27 39 45 15 37 34 26 16 11 31 29 10 5 3 40 4 6 49 35 38 19 7 33
45 10 25 31 6 26 41 9 7 32 24 37 29 28 12 22 40 13 48 17 43 33 30 11 8 42 50 1 3 20 21 2 39 18 49 5 35 34 15 19 4 47 46 27 16 36 14 44 23 38
12 7 17 6 46 36 2 27 29 48 23 49 30 26 44 25 42 5 28 38 4 37 43 40 21 13 14 50 45 18 20 10 16 47 24 3 34 39 33 11 19 22 31 35 8 1 9 15 41 32
33 9 12 24 26 11 29 49 38 20 6 47 39 13 14 44 22 1 5 7 2 48 50 31 19 4 42 40 3 37 17 32 30 8 25 21 27 16 28 23 41 15 46 10 35 43 45 36 34 18
48 50 38 26 49 2 40 34 3 14 8 1 37 45 44 19 13 33 15 11 22 9 18 24 30 25 7 32 42 31 36 41 6 12 29 27 28 39 16 5 46 23 43 17 21 4 47 10 35 20
12 11 10 14 13 29 28 27 26 30 31 32 25 21 20 19 18 22 23 24 17 41 48 47 46 42 43 44 45 33 40 39 38 34 35 36 37 9 16 15 2 3 4 5 6 7 8 1
41 44 24 47 29 21 38 25 42 27 7 45 32 2 3 23 40 9 49 15 35 48 6 50 22 20 33 10 30 46 14 12 13 34 5 43 18 11 37 1 36 28 17 16 19 26 39 31 4 8
25 8 35 39 29 18 49 27 10 14 34 50 7 26 47 15 4 48 38 16 12 20 32 21 24 31 23 6 22 43 36 2 19 28 46 3 41 44 33 13 5 40 45 1 9 30 11 42 17 37
35 41 18 37 40 45 33 17 42 16 8 50 6 24 20 39 7 23 3 1 30 29 10 49 22 25 46 2 28 13 15 4 11 5 26 38 44 31 21 48 47 27 9 36 43 34 32 12 19 14
45 15 18 42 41 5 31 26 11 40 9 35 47 33 36 14 28 46 39 34 29 4 32 19 13 3 43 25 30 24 17 44 37 22 23 6 2 16 12 27 48 49 7 38 50 21 10 8 20 1
44 19 45 24 28 8 5 14 10 20 46 16 25 30 32 18 48 11 27 17 39 12 40 13 50 7 41 38 21 34 33 29 3 35 43 15 22 26 23 49 31 1 37 6 42 4 9 47 36 2
18 20 15 4 6 5 13 16 11 9 14 19 10 7 3 17 12 2 1 8
24 23 22 28 27 26 25 43 42 41 15 16 37 36 35 11 10 34 33 32 14 13 12 44 45 46 3 2 1 50 49 48 7 8 9 47 18 17 31 30 29 4 5 6 40 39 38 21 20 19
11 12 19 50 49 10 4 47 48 2 3 29 37 36 15 30 31 44 17 18 43 39 9 13 14 46 45 38 23 24 25 26 27 28 22 6 5 40 41 42 1 7 35 21 20 8 32 33 34 16
10 48 24 3 5 49 41 16 8 23 36 39 14 12 50 30 7 6 33 32 42 22 31 9 38 2 25 35 21 15 47 44 26 19 37 1 43 40 11 46 28 4 27 29 20 13 45 17 34 18
18 13 46 44 12 41 49 35 26 8 3 40 17 39 47 33 27 25 31 43 28 32 16 6 11 45 21 30 10 50 22 2 4 14 15 5 36 42 29 19 24 48 37 34 1 9 38 20 23 7
11 9 24 48 50 45 21 18 42 31 28 4 3 15 41 35 30 6 12 7 43 36 44 20 23 19 47 46 26 2 10 34 33 38 14 22 16 40 37 29 13 25 17 49 27 1 5 8 32 39
17 16 32 26 30 44 21 31 7 36 29 45 47 2 4 46 19 12 8 23 9 27 20 18 28 6 39 40 50 3 22 37 5 38 41 35 25 1 11 24 43 14 42 10 15 48 49 13 34 33
43 14 27 16 36 49 45 9 19 3 37 46 7 17 32 23 50 25 26 15 35 41 48 12 38 42 2 39 21 22 18 28 6 4 44 1 34 20 11 29 13 10 47 24 30 5 33 40 31 8
38 13 36 15 2 40 6 44 32 18 23 41 33 48 24 29 19 5 30 31 26 1 47 45 16 27 28 20 17 42 4 11 49 39 46 21 12 25 50 35 22 14 7 43 34 9 37 3 10 8
25 26 24 28 27 23 22 29 21 4 2 1 9 5 6 7 3 10 8 30 13 19 15 12 16 11 18 20 14 17 44 43 41 50 49 45 47 42 46 48 35 39 37 40 34 36 33 31 32 38
50 37 8 42 19 34 47 29 20 35 15 17 18 45 28 11 43 38 24 2 31 21 23 41 49 26 10 33 30 14 44 6 9 22 25 40 12 4 1 32 48 3 27 39 13 36 5 16 7 46
49 40 46 13 2 39 21 44 10 47 37 27 11 42 41 28 26 48 8 45 7 23 24 1 50 29 15 36 30 32 6 19 22 12 33 25 5 20 17 35 16 14 4 34 3 18 9 38 43 31
15 6 13 1 11 14 8 10 5 2 12 4 3 16 7 9
15 43 7 39 36 6 20 30 40 45 47 13 1 5 31 2 17 10 38 4 24 44 50 21 26 48 37 9 22 46 11 28 19 34 3 14 41 33 23 27 25 18 29 12 32 42 8 35 49 16
21 43 18 9 16 6 11 30 38 37 24 26 1 12 42 33 49 20 29 13 32 45 44 28 14 46 27 39 34 50 31 25 22 4 41 23 2 5 47 35 10 7 3 48 36 8 40 15 17 19
42 45 12 33 31 1 14 20 28 4 29 8 13 22 49 16 41 37 2 18 23 30 9 6 24 27 43 48 38 21 35 3 50 32 25 46 39 44 40 5 11 26 7 10 19 36 47 15 17 34
20 8 11 39 30 34 1 33 29 23 16 18 14 40 21 12 7 6 24 28 31 2 9 5 32 36 26 4 25 38 37 15 13 3 27 35 22 19 10 17
10 34 37 22 4 30 26 27 35 32 43 29 14 16 5 21 47 45 40 33 19 20 13 50 46 41 31 9 39 3 2 36 17 6 15 48 24 11 44 25 8 28 38 18 12 1 7 49 42 23
24 43 21 36 27 19 10 46 17 40 47 12 31 9 3 30 8 14 16 42 37 11 20 13 38 4 26 15 49 33 5 29 32 25 1 44 50 39 23 28 7 48 22 45 2 41 35 34 6 18
37 14 15 36 16 35 17 34 18 33 19 32 20 21 22 23 24 25 26 27 28 29 30 31 38 13 39 12 40 11 41 10 42 9 43 8 44 7 45 6 46 5 47 4 48 3 49 2 1 50
49 5 23 18 12 6 26 38 44 50 36 48 3 22 8 34 43 15 2 11 47 40 33 24 17 42 27 10 4 14 25 41 39 7 31 37 46 13 16 21 9 32 20 45 28 1 29 30 19 35
3 29 42 6 26 37 31 20 2 11 38 22 15 41 8 49 23 17 4 50 10 25 43 21 1 28 13 46 12 40 9 24 14 30 45 47 16 7 39 36 19 33 35 27 5 32 48 18 44 34
6 2 9 7 1 12 3 4 8 5 10 11
26 17 15 7 27 30 32 47 18 29 12 41 42 16 37 13 38 11 25 14 43 31 28 49 45 8 6 35 3 50 1 24 5 10 19 34 22 39 33 20 23 21 2 46 4 9 36 48 40 44
42 30 12 38 11 21 17 44 47 10 43 6 48 45 14 3 27 20 1 35 19 25 36 34 24 29 2 4 9 40 26 7 31 37 50 5 18 15 13 32 49 28 33 23 39 22 46 41 8 16
3 34 11 22 7 28 14 29 30 1 19 44 10 31 41 16 4 35 15 48 42 9 39 18 47 43 50 23 36 8 20 46 25 2 37 32 38 26 5 17 49 13 24 21 45 27 12 40 6 33
5 18 24 2 12 9 21 19 20 17 7 16 8 13 15 11 4 3 23 6 10 1 14 22
19 31 14 37 20 47 5 1 22 3 12 18 26 15 10 17 8 24 9 44 36 6 43 13 45 33 21 28 25 23 7 35 29 41 39 2 48 42 16 38 34 11 30 27 32 46 4 40
17 16 15 18 13 14 11 10 9 12 7 8 5 4 20 19 24 21 22 23 26 25 30 27 28 29 32 31 36 33 34 35 38 37 42 39 40 47 46 45 48 43 44 41 3 6 1 2
43 10 20 34 23 12 3 33 6 14 1 32 21 22 29 9 5 8 26 41 13 24 25 49 31 19 17 48 16 30 39 50 7 38 28 37 45 40 35 15 27 11 2 46 18 47 4 36 42 44
50 46 8 27 43 32 15 40 13 44 7 3 34 38 5 17 25 29 23 20 22 12 48 41 1 26 28 11 2 9 39 21 33 35 47 24 6 14 36 31 18 37 10 4 45 30 16 19 49 42
1 2 3 4 5 6 7 8 9 10 11 12 13 14 15 16 17 18 19 20 21 22 23 24 25 26 27 28 29 30 31 32 33 34 35 36 37 38 39 40 41 42 43 44 45 46 47 48 49 50
23 16 15 9 6 17 10 13 8 26 18 2 22 24 12 19 1 3 14 7 11 25 20 5 4 21
40 48 32 23 14 22 33 34 37 9 15 25 26 38 28 3 2 1 50 42 29 18 7 49 39 47 21 12 5 41 43 46 6 4 17 31 27 19 20 8 44 36 35 16 13 45 30 24 10 11
45 42 46 6 1 10 44 41 43 16 11 15 34 31 35 3 9 49 47 48 13 14 20 38 32 39 18 36 33 37 4 5 28 27 24 26 21 25 22 29 23 30 19 12 17 50 7 2 8 40
25 4 19 1 10 17 12 3 2 18 37 31 6 47 38 32 33 5 14 39 23 22 15 16 42 30 26 11 21 48 49 46 13 27 28 41 35 36 24 7 34 44 29 20 40 43 9 45 8 50
