37 19 7 9 47 1 11 22 6 18 31 13 34 15 46 3 4 43 25 21 12 27 38 10 45 50 20 49 41 42 30 32 16 40 48 8 29 44 39 36 35 23 24 17 33 14 5 28 2 26
30 16 49 25 32 4 44 24 34 20 39 1 48 13 50 21 40 23 46 19 29 12 26 3 37 15 33 7 47 2 45 10 28 9 42 8 43 11 38 6 35 22 5 41 18 31 17 36 14 27
17 43 2 34 20 48 18 37 9 49 15 39 16 45 10 33 19 1 7 29 5 30 22 42 21 50 11 46 26 47 6 28 8 36 13 31 25 32 14 41 24 35 12 38 23 44 3 40 4 27
10 42 20 30 49 3 25 15 50 36 18 28 35 8 31 13 17 48 45 26 22 23 43 39 46 37 47 40 38 21 29 11 19 16 34 7 32 4 5 12 44 24 1 33 14 2 6 41 27 9
5 8 12 22 19 34 30 46 26 48 38 41 23 49 47 37 36 3 31 35 1 29 10 11 27 6 32 24 4 17 20 14 40 15 7 43 28 21 42 13 16 33 39 2 25 50 44 18 9 45
10 11 9 2 5 4 15 12 8 6 1 13 16 14 3 7
37 28 40 10 8 36 13 24 22 48 41 42 12 17 11 31 20 23 9 46 32 43 18 27 26 39 2 50 49 47 1 16 6 44 35 45 25 33 15 21 5 34 7 19 14 30 29 38 3 4
44 27 31 30 35 42 25 2 47 39 20 10 28 6 12 17 50 26 38 11 48 40 22 37 4 5 29 16 36 9 3 13 15 7 33 1 46 41 18 45 19 24 43 14 34 23 49 21 32 8
30 2 1 3 4 5 6 7 8 9 10 11 12 13 14 15 16 17 18 19 20 21 22 23 24 25 26 27 28 29
1 12 11 10 9 8 7 6 5 4 3 2 13 14 15 16 18 17 20 19 25 21 26 22 24 23 35 27 34 33 41 38 39 36 42 37 40 29 28 49 46 47 48 45 31 32 30 44 43 50
3 4 1 2 5 6 7 8
15 4 1 41 40 24 5 36 11 13 19 21 12 14 7 43 50 6 20 38 45 49 17 10 37 22 39 47 9 48 30 27 18 23 32 33 8 29 25 31 16 35 34 46 44 28 42 26 2 3
11 40 43 38 3 19 27 12 1 34 14 41 10 18 2 32 6 44 42 30 25 50 15 31 5 16 33 49 21 26 13 29 23 45 9 39 36 22 20 8 47 17 28 37 48 4 35 46 24 7
32 41 42 5 28 46 3 27 29 12 7 17 6 22 31 35 8 1 9 15 24 13 21 40 43 37 47 16 4 38 34 39 33 48 23 49 30 26 44 25 36 2 11 19 10 20 18 45 50 14
29 40 35 33 2 43 34 17 7 14 41 42 48 10 22 20 13 3 8 45 46 24 1 19 50 6 4 36 37 11 44 27 38 9 49 31 21 26 16 23 30 25 39 15 5 12 32 47 18 28
2 4 3 32 29 45 23 14 19 36 38 43 10 26 1 44 8 33 24 16 49 6 21 46 37 28 9 34 17 42 39 50 25 18 20 41 35 13 22 12 47 31 27 11 30 5 7 15 48 40
38 26 36 1 42 4 43 39 28 49 34 13 19 30 17 45 10 27 35 6 23 16 12 25 3 15 32 2 14 37 44 11 46 21 48 20 33 18 29 47 24 5 22 8 41 7 50 9 40 31
23 31 38 37 36 32 33 34 35 43 42 41 40 44 45 46 39 3 2 1 48 4 5 6 47 11 10 9 8 12 13 14 7 15 22 21 20 16 17 18 19 27 26 25 24 28 29 30
1 6 2 5 3 4
24 49 27 50 39 4 44 19 46 9 38 26 34 45 3 11 25 42 22 32 2 16 41 20 47 40 18 23 31 6 33 12 30 1 13 29 35 7 48 28 43 15 36 10 37 8 14 5 21 17
4 50 13 11 45 41 26 3 14 9 31 22 49 23 2 39 7 37 17 47 36 43 16 46 15 38 30 1 44 34 19 42 35 28 21 25 32 29 18 6 33 27 20 48 10 12 5 40 8 24
5 23 7 25 31 15 24 29 14 8 35 33 18 36 22 40 21 28 19 37 13 44 2 12 17 32 6 34 27 20 38 26 11 39 30 41 1 9 42 3 16 10 4 43
1 2 3 4 5 6 7 8 9 10 11 12 13 14 15 16 17 18 19 20 21 22 23 24 25 26 27 28 29 30 31 32 33 34 35 36 37 38 39 40 41 42 43 44 45 46 47 48 49 50
23 10 5 25 2 15 6 12 21 22 18 20 14 13 17 4 1 7 24 26 9 19 11 8 3 16
19 15 8 6 20 1 3 17 14 10 12 13 5 11 16 7 9 4 2 18
7 43 3 24 15 37 18 25 48 17 35 19 34 26 14 5 50 20 36 32 47 41 9 44 28 10 13 6 11 4 46 12 21 2 29 49 23 1 40 27 39 31 30 45 42 8 38 33 16 22
33 25 14 24 11 29 1 18 26 9 6 36 21 37 40 3 15 46 10 28 49 48 38 23 17 41 34 4 39 22 30 35 50 19 2 13 8 5 47 43 27 42 44 16 32 45 7 20 12 31
39 27 9 31 11 3 29 8 7 10 42 23 28 13 14 35 38 21 30 6 41 16 49 32 34 25 43 45 24 20 40 18 5 47 48 2 33 36 17 26 15 46 44 37 19 12 22 4 1 50
23 42 8 47 22 4 36 25 17 49 12 28 3 34 11 16 44 6 31 27 15 50 48 35 18 21 30 9 46 14 33 40 19 24 37 20 26 38 5 7 29 10 39 1 32 13 41 2 45 43
4 2 50 1 18 13 9 17 22 12 31 40 49 42 47 39 41 46 37 25 29 33 30 28 43 19 27 20 45 48 11 16 38 26 32 44 24 8 36 35 34 23 7 14 21 15 10 6 3 5
6 21 22 41 28 48 17 39 2 42 26 15 43 25 44 35 38 5 19 13 8 10 18 31 9 14 7 16 3 12 37 45 49 36 50 11 34 27 24 20 32 4 29 40 1 33 46 23 47 30
4 6 7 8 9 10 11 13 12 14 15 16 17 18 19 21 20 22 23 24 25 26 27 29 28 30 31 32 33 34 35 37 36 38 39 40 41 42 43 45 44 46 47 48 1 2 3 5
28 23 5 44 40 9 31 37 19 46 2 50 11 18 24 21 1 4 29 6 48 45 3 14 15 47 20 35 10 43 42 32 17 33 30 26 41 16 38 49 7 36 8 12 27 22 13 34 39 25
42 40 50 32 43 25 34 3 10 17 23 11 27 9 19 28 33 41 1 45 15 30 36 31 2 49 29 16 39 5 46 7 26 35 44 4 20 37 12 48 38 18 21 24 22 14 47 6 8 13
8 22 44 27 5 17 38 14 34 1 30 15 25 6 9 33 18 37 49 21 28 48 10 31 46 42 24 23 4 29 32 41 26 35 39 11 50 7 16 47 13 40 43 19 20 45 3 2 12 36
7 8 4 3 2 1 5 6 27 28 32 31 26 25 29 30 35 34 33 37 36 40 39 38 46 22 23 24 20 21 17 18 19 11 12 16 15 10 9 13 14 43 44 48 47 42 41 45
24 27 46 31 26 41 29 35 37 33 20 39 28 16 23 47 50 17 45 44 21 38 30 49 42 36 43 32 22 25 34 18 40 48 19 6 7 8 10 11 15 14 1 12 13 5 3 4 9 2
30 24 25 27 29 28 26 23 22 21 18 16 17 15 19 20 14 13 12 11 8 6 7 5 4 3 2 1 9 10
44 50 38 10 1 3 42 36 29 4 17 7 28 40 14 9 32 45 31 24 18 27 39 30 25 13 12 35 43 48 11 16 15 49 34 26 8 22 5 33 37 47 2 21 6 46 41 23 20 19
37 32 38 17 23 43 13 12 22 9 11 36 7 21 50 14 42 4 1 3 40 39 46 47 5 2 41 33 18 19 28 25 29 34 48 8 27 44 15 16 45 49 31 30 20 35 6 24 26 10
49 6 3 14 9 24 21 26 1 12 10 5 8 7 16 13 18 15 36 33 40 37 48 47 41 46 43 50 29 30 17 20 19 22 4 2 27 38 35 44 11 28 23 32 31 34 25 42 39 45
1 6 11 36 9 24 4 42 48 16 20 40 28 23 31 17 5 27 25 10 43 8 46 37 29 22 18 50 7 19 3 33 30 35 45 39 32 49 15 13 41 26 14 38 12 2 47 21 44 34
7 2 14 11 41 44 45 6 49 18 40 5 39 4 23 21 12 26 47 24 3 8 35 36 46 13 15 42 1 28 22 31 17 9 32 30 16 20 29 33 38 48 50 25 19 37 34 43 10 27
9 4 6 3 7 10 8 5 1 2
9 20 11 43 41 44 14 19 35 33 37 10 2 6 28 22 30 23 26 24 29 21 27 25 34 48 47 4 3 5 46 42 45 18 12 15 39 31 40 16 13 17 49 50 8 1 7 36 32 38
34 9 12 49 13 24 48 3 27 41 29 16 5 11 28 21 4 36 31 30 32 50 43 25 45 33 19 2 10 17 8 6 15 42 39 22 1 14 18 40 37 26 7 20 44 35 23 46 47 38
48 35 14 26 9 18 34 47 15 27 38 29 1 44 19 40 12 37 11 6 36 8 22 28 41 21 20 39 24 7 50 43 23 17 13 3 16 2 31 49 10 45 42 4 25 5 30 46 32 33
18 12 13 14 15 16 17 34 43 33 39 20 28 31 1 30 23 40 21 37 32 2 42 6 45 49 10 5 26 44 7 9 46 8 3 38 19 4 24 22 29 50 48 36 41 47 25 35 11 27
7 25 47 43 16 5 49 50 15 24 39 37 42 26 38 2 4 3 27 40 48 17 1 21 45 33 13 32 11 12 30 44 28 9 18 46 31 29 41 35 6 20 10 34 22 23 36 14 19 8
16 26 41 31 20 33 50 24 38 30 48 36 21 47 3 9 18 45 14 46 34 22 49 32 39 40 6 7 5 1 42 17 2 19 43 13 4 11 29 12 44 28 8 23 27 25 10 15 35 37
37 48 12 36 49 38 24 13 21 4 5 45 47 46 31 10 9 39 11 40 3 32 29 19 33 44 17 18 14 2 22 8 26 23 1 27 7 30 35 43 50 28 16 34 41 6 20 42 25 15
30 49 27 9 38 1 4 50 48 20 21 13 16 29 34 22 41 2 39 26 11 19 14 6 12 45 5 33 47 18 42 44 43 31 17 46 10 25 7 40 8 28 36 24 35 37 32 23 15 3
42 8 19 11 26 14 33 44 49 45 39 25 31 47 2 32 15 4 36 21 43 46 48 22 6 28 37 12 17 27 34 38 13 35 29 1 16 24 20 18 41 23 7 40 9 5 3 50 30 10
22 5 15 11 16 9 21 14 3 13 20 6 18 12 2 8 4 1 7 17 19 10
23 24 20 21 17 18 19 27 26 25 29 28 32 31 30 43 42 41 45 44 48 47 46 22 14 15 16 12 13 9 10 11 38 39 40 36 37 33 34 35 6 7 8 4 3 2 1 5
37 24 43 40 27 19 22 34 25 4 31 16 49 11 47 8 15 32 45 23 10 13 26 12 35 1 9 21 2 29 5 36 44 48 30 39 3 6 20 50 41 46 14 28 7 38 33 17 18 42
1 2 4 3
5 8 2 4 3 9 10 1 7 6
5 4 8 7 6 1 2 3 9 10 15 14 18 17 16 11 12 13 19 20 25 24 28 27 26 21 22 23 29 30 35 34 38 37 36 31 32 33 39 40 45 44 48 47 46 41 42 43 49 50
9 1 49 19 17 23 2 33 42 11 39 10 16 22 25 20 34 28 32 14 15 13 29 18 6 12 43 40 8 26 35 41 47 50 38 31 3 24 46 7 37 36 30 45 4 48 27 21 44 5
29 26 19 39 38 16 27 37 48 14 44 6 30 7 12 25 5 2 34 35 23 15 42 8 43 10 9 18 22 28 24 41 40 47 20 11 17 4 36 33 46 45 1 49 50 32 21 13 3 31
50 49 30 6 7 8 32 33 34 10 16 40 41 43 25 13 18 42 46 22 23 19 31 37 38 14 1 2 26 28 4 5 3 27 29 35 11 9 17 47 39 36 12 24 48 45 44 20 21 15
2 4 14 37 49 23 42 16 12 30 26 48 47 18 17 24 8 39 32 34 9 36 40 41 28 21 31 7 33 6 10 29 27 5 43 38 46 50 22 3 19 15 45 35 1 20 13 25 11 44
4 2 1 3
27 29 19 8 30 49 5 48 6 10 22 35 46 21 23 28 45 17 12 11 36 41 2 18 32 20 43 4 31 40 25 38 15 44 16 37 47 14 33 26 1 9 42 3 50 24 13 34 39 7
38 39 40 41 42 43 44 45 37 36 35 34 33 32 31 30 29 28 27 46 47 48 49 50 26 25 24 23 22 21 20 19 18 17 16 15 14 13 12 11 10 9 8 7 6 5 4 3 2 1
11 32 35 5 28 12 7 38 36 39 2 10 40 37 8 33 29 30 27 14 3 4 15 17 25 21 19 16 6 13 23 22 9 31 18 26 34 1 24 20
39 1 3 2 4 6 5 7 9 8 10 50 11 13 15 12 14 16 17 19 21 18 20 48 23 25 49 22 24 26 47 27 29 28 30 32 31 45 33 34 46 36 35 37 38 40 42 43 41 44
9 15 18 49 25 35 38 1 47 22 41 14 21 43 3 19 2 20 4 34 46 39 33 50 13 24 32 31 37 26 27 16 5 48 17 36 8 40 11 30 23 44 29 7 12 6 42 28 45 10
5 4 2 18 36 17 44 29 24 28 45 14 19 26 16 49 1 42 30 23 37 39 21 38 31 34 46 41 8 50 27 9 43 20 47 11 13 25 12 3 32 40 48 6 7 35 22 15 10 33
4 6 1 8 5 2 7 10 3 9
27 28 24 23 22 21 25 18 19 20 16 15 14 13 17 50 9 5 6 7 8 12 11 10 26 33 29 30 31 32 36 35 34 41 37 38 39 40 44 43 42 49 45 46 47 48 1 4 3 2
5 50 29 46 36 17 24 38 28 40 3 21 15 30 25 37 47 14 22 18 7 13 43 19 39 16 45 31 12 32 11 49 27 2 26 1 44 48 35 20 4 10 8 41 42 6 34 23 9 33
1 2 3 4 5 6 7 8 9 10 11 12 13 14 15 16 17 18 19 20 21 22 23 24 25 26 27 28 29 30 31 32 33 34 35 36 37 38 39 40 41 42 43 44 45 46 47 48
14 16 7 17 2 18 13 10 1 6 5 8 15 12 11 3 4 9
23 15 22 24 9 3 26 10 13 18 12 6 16 19 25 27 8 14 28 1 2 21 5 11 4 17 20 7
32 22 3 15 1 18 23 2 4 26 5 37 8 35 40 19 30 11 21 14 20 10 7 33 34 27 6 24 39 9 17 16 12 29 13 36 25 38 28 31
33 16 14 10 36 20 8 39 47 3 40 48 22 13 12 24 26 42 44 4 5 28 6 38 30 7 46 29 34 1 25 17 43 49 37 23 31 21 32 35 9 18 15 27 41 50 19 11 2 45
44 4 49 7 39 14 33 24 38 46 26 27 17 30 5 35 34 10 3 43 42 50 32 11 21 1 37 8 15 45 25 48 16 29 19 22 12 13 47 36 31 18 6 2 20 28 23 41 40 9
35 1 2 3 4 5 6 7 50 8 9 10 49 11 12 13 14 15 16 17 18 19 20 21 22 47 23 24 25 26 27 28 29 30 31 46 32 33 34 36 37 38 39 40 41 42 43 44 45 48
46 38 33 19 4 18 35 32 31 17 23 21 39 48 44 16 12 14 34 37 42 7 10 5 40 26 45 25 8 24 47 29 28 15 2 6 49 27 11 3 22 41 50 1 30 43 36 13 9 20
32 34 45 17 16 31 5 48 18 38 3 37 19 50 30 1 43 21 23 29 39 6 26 42 47 8 49 24 9 44 2 28 12 13 35 22 25 33 14 20 27 15 46 36 41 7 4 40 10 11
33 39 41 44 4 1 26 17 15 28 23 31 42 2 12 11 29 40 16 13 22 32 25 30 27 3 14 6 38 19 36 10 18 7 35 5 34 20 46 45 43 50 49 21 24 8 48 9 37 47
36 34 10 43 30 7 35 46 12 31 41 25 18 5 48 23 1 28 33 32 3 16 24 49 19 20 40 11 47 38 39 8 9 6 44 17 29 21 22 13 50 2 14 37 45 4 42 27 15 26
31 2 29 35 20 33 26 3 32 25 41 43 21 24 18 48 17 34 40 46 9 5 36 27 50 49 38 39 19 13 44 22 47 30 16 8 6 12 42 10 14 23 45 11 7 28 37 1 4 15
30 1 2 3 4 5 6 7 29 8 9 10 11 12 13 14 15 16 17 18 19 20 21 22 23 24 25 26 27 28
5 4 8 7 6 50 2 3 9 10 15 14 18 17 16 11 12 13 19 20 25 24 28 27 26 21 22 23 29 30 35 34 38 37 36 31 32 33 39 40 45 44 48 47 46 41 42 43 49 1
46 9 12 39 14 1 23 50 43 40 4 48 19 41 2 32 15 29 24 11 27 45 34 8 7 36 18 10 3 38 17 21 25 33 31 28 5 49 47 30 16 44 6 26 13 20 42 22 37 35
2 5 6 1 3 4
35 3 49 25 34 14 12 8 22 2 39 42 31 17 40 16 4 37 45 23 24 11 1 44 29 30 32 7 20 41 21 36 18 50 5 10 9 27 38 6 43 15 26 28 46 13 33 48 19 47
28 5 22 42 6 14 8 23 21 31 2 19 39 37 7 4 26 33 41 13 32 45 9 30 24 18 27 15 1 29 46 17 11 34 44 43 25 50 38 3 47 48 16 35 40 12 10 20 36 49
14 21 24 3 2 16 18 26 17 1 12 32 4 23 27 22 7 25 13 10 31 29 6 19 20 5 9 8 28 30 15 11
31 42 40 45 15 34 50 25 13 37 48 44 30 39 49 47 14 9 36 16 29 46 18 6 38 1 19 27 41 11 4 35 12 8 26 32 5 17 43 22 20 21 2 7 24 33 3 23 10 28
6 8 7 4 5 1 2 3
41 17 45 42 46 16 40 32 48 36 38 28 30 34 50 8 47 2 23 37 3 39 1 20 43 29 12 9 19 13 5 26 11 15 6 7 18 49 25 35 27 33 4 44 31 10 14 21 24 22
13 26 40 45 21 49 37 10 33 14 16 29 2 35 44 5 7 32 24 36 47 1 39 3 17 50 38 28 19 4 27 12 31 18 9 48 25 11 6 30 20 15 41 34 23 22 42 43 8 46
15 35 18 6 25 39 20 4 23 34 16 32 30 44 5 28 12 42 21 31 29 50 27 36 46 37 38 17 3 11 33 48 2 26 14 10 43 24 40 19 8 1 45 9 49 41 47 13 7 22
22 16 50 21 48 42 19 6 39 44 34 41 1 26 28 47 49 12 17 7 13 33 32 4 30 14 5 29 43 20 31 37 11 8 45 9 40 10 38 35 25 3 24 2 46 27 23 15 36 18
1 2 3 16 15 6 7 8 9 11 10 5 4 12 13 14
1 6 5 8 3 7 4 9 2 10
5 6 4 3 8 7 1 2
9 10 5 1 2 7 3 4 6 8
18 36 33 11 31 40 32 26 39 3 25 10 28 46 24 45 2 19 5 14 8 21 9 4 34 20 16 27 42 12 48 17 44 13 29 22 43 35 37 47 15 41 23 1 7 6 38 30
29 47 22 46 12 23 45 18 8 34 15 35 44 32 39 20 21 33 11 13 43 26 24 3 49 1 37 2 40 9 36 4 6 38 27 30 25 31 48 19 28 42 5 16 7 41 17 50 14 10
5 2 1 3 4 6 7 8 9 10 11 12 13 14 15 16 17 18 19 20 21 22 23 24 25 26 27 28 29 30 31 32 33 34 35 36 39 37 38 40 42 41 43 46 48 45 44 47 49 50
29 38 31 18 14 37 23 10 5 34 27 28 32 22 3 46 33 36 24 16 25 50 49 41 43 44 9 42 40 48 45 11 13 19 7 12 20 21 26 6 15 30 39 4 2 35 17 8 47 1
40 31 35 27 18 44 42 13 11 19 10 9 34 4 29 37 8 5 41 7 50 20 15 33 25 26 24 17 3 48 14 28 45 16 12 22 43 39 2 38 1 30 46 47 6 32 23 49 21 36
3 34 11 14 22 45 7 42 32 46 33 31 9 4 35 30 12 28 39 5 17 49 24 43 27 21 8 25 15 10 13 29 44 37 47 50 26 40 38 41 19 20 6 48 18 23 16 36 1 2
12 15 21 8 3 17 19 13 7 10 2 22 20 18 4 1 9 16 14 6 11 5
35 34 37 33 40 38 31 39 36 32 46 49 50 43 48 44 42 47 41 45 20 18 14 19 12 17 16 15 13 11 30 10 8 9 2 3 7 5 4 6 1 21 27 24 26 29 23 28 25 22
4 5 1 6 2 3
15 16 13 12 9 10 11 22 23 24 21 20 17 18 19 14 6 4 1 2 3 5 8 7
34 35 21 24 23 29 45 44 49 50 37 27 48 43 46 25 42 31 32 41 16 28 8 9 2 4 15 12 20 5 7 1 14 47 40 38 39 19 36 30 33 13 22 26 17 18 6 10 3 11
27 28 29 34 49 48 47 46 45 44 43 42 41 40 39 38 37 36 35 4 3 2 5 6 7 8 9 10 11 12 13 14 15 16 17 18 19 20 21 22 23 24 1 25 26 50 30 31 32 33
23 45 50 9 47 20 28 39 24 12 38 31 14 22 15 7 41 36 43 6 27 34 4 49 3 5 1 29 10 32 11 16 18 21 13 30 2 48 33 8 46 17 40 37 42 26 19 44 35 25
20 48 19 3 27 31 7 18 43 5 24 37 38 50 42 12 41 14 23 49 16 36 22 26 35 10 39 17 13 45 9 11 40 33 15 32 30 47 8 44 25 1 28 2 34 4 46 21 29 6
10 17 11 1 9 8 5 18 14 15 13 19 20 12 3 4 2 16 7 6
2 1 24 37 31 21 48 28 29 5 26 27 35 34 13 41 38 40 23 44 11 20 9 4 12 16 15 14 18 47 22 17 45 3 42 43 19 46 36 30 10 25 39 32 6 33 8 7
11 27 7 38 43 10 41 6 44 48 34 47 30 20 46 14 3 33 12 40 24 26 18 49 13 23 5 31 9 29 37 8 35 28 21 19 22 15 50 42 45 32 2 36 17 4 25 39 1 16
1 28 45 7 25 50 4 31 5 48 47 21 35 24 36 29 11 34 15 18 37 32 30 17 39 49 42 14 20 33 19 2 44 23 10 46 6 3 16 27 13 41 12 8 22 43 40 26 9 38
12 5 29 18 45 25 43 6 27 14 19 4 15 50 21 40 48 17 42 47 1 8 24 26 11 16 13 10 44 38 46 39 34 23 22 9 41 30 33 36 20 7 32 37 3 28 2 49 35 31
7 36 12 33 39 28 23 17 11 14 20 37 15 2 16 5 19 34 10 35 31 9 40 6 38 32 4 1 13 25 18 21 24 27 8 26 30 22 29 3
41 20 18 22 48 13 47 46 12 9 2 17 14 43 24 50 28 36 30 25 32 8 1 21 42 44 23 27 39 45 15 37 34 26 16 11 31 29 10 5 3 40 4 6 49 35 38 19 7 33
38 23 4 19 50 1 36 31 25 41 9 20 3 47 40 13 48 17 43 33 30 6 21 26 42 44 14 16 15 32 24 37 8 2 29 34 35 49 18 39 5 11 7 46 27 28 12 22 10 45
32 46 28 5 42 41 49 23 48 26 44 25 36 2 20 10 19 11 33 39 34 3 27 30 21 40 43 37 47 16 4 38 18 45 50 14 13 24 15 9 1 8 35 31 22 6 17 7 12 29
31 19 28 38 20 41 5 35 12 24 27 21 7 2 22 18 39 47 17 42 4 36 45 43 48 50 40 49 29 25 8 30 32 33 9 15 46 10 34 37 3 1 16 14 44 23 13 11 26 6
48 50 38 26 49 27 29 11 4 47 10 22 14 3 39 16 5 6 41 36 31 42 7 32 25 40 2 17 43 23 46 13 28 35 20 9 34 33 45 44 19 30 8 1 12 37 21 18 24 15
44 43 42 46 47 48 41 29 28 27 26 30 31 32 25 37 36 35 34 38 39 40 33 9 16 15 14 10 11 12 13 45 17 24 23 22 18 19 20 21 5 6 7 8 1 2 3 4
46 41 25 36 37 38 21 48 47 39 22 40 16 28 1 2 3 27 33 34 6 26 7 8 29 19 30 31 32 20 35 24 42 44 23 4 5 43 14 12 13 45 9 10 11 49 15 17 18 50
25 8 35 39 29 18 49 27 10 14 34 19 28 46 3 41 44 33 13 5 50 7 26 47 15 24 31 23 6 22 43 36 2 4 48 38 16 12 20 32 21 40 45 1 9 30 11 42 17 37
29 49 10 1 30 3 23 7 39 20 24 6 50 8 16 42 17 33 45 40 37 18 41 35 9 27 36 43 34 32 25 22 46 2 28 13 15 4 48 47 21 31 44 38 26 11 5 19 12 14
27 12 16 25 30 31 26 11 15 45 40 9 35 47 33 36 14 17 24 18 42 41 5 1 20 8 10 28 46 37 22 23 6 2 19 13 7 49 48 3 43 44 21 50 38 32 4 29 34 39
2 26 22 15 43 35 3 29 47 36 17 39 13 40 12 32 18 48 27 11 42 50 5 14 10 20 30 25 45 8 28 24 33 34 23 49 31 1 37 21 38 41 7 16 46 9 4 19 44 6
4 6 5 13 18 19 10 7 3 17 12 14 9 11 8 1 2 15 20 16
24 23 22 28 27 26 25 43 42 41 15 16 37 36 35 11 10 34 33 32 14 13 12 44 45 46 3 2 1 50 49 48 7 8 9 47 18 17 31 30 29 4 5 6 40 39 38 21 20 19
11 10 49 50 44 17 16 34 33 32 3 4 47 41 40 5 6 22 28 27 26 25 24 23 38 45 46 8 20 21 35 7 18 19 29 37 36 15 30 31 14 48 2 1 42 43 39 9 13 12
9 25 50 20 29 30 22 49 2 5 3 33 4 47 46 13 44 23 15 19 26 35 17 45 48 10 39 18 43 42 1 27 38 40 11 32 34 6 28 16 8 41 31 7 21 36 37 14 24 12
18 13 46 39 17 42 36 5 25 31 20 38 9 15 4 14 24 48 37 34 1 19 29 44 22 50 10 7 23 21 30 43 28 32 16 12 41 33 47 49 35 27 6 11 45 26 2 8 3 40
11 21 20 44 45 46 22 15 17 50 39 40 16 25 4 28 29 30 6 7 8 32 33 34 10 13 24 48 38 26 2 3 18 42 43 27 1 9 5 31 49 36 12 14 47 35 37 23 19 41
17 16 32 26 30 44 21 31 7 36 29 45 47 2 4 46 19 12 8 23 9 27 20 18 28 6 39 40 50 3 22 37 5 38 41 35 25 1 11 24 43 14 42 10 15 48 49 13 34 33
43 14 27 16 36 49 45 9 19 3 37 46 7 17 32 23 50 25 26 15 35 41 48 12 38 42 2 39 21 22 18 28 6 4 44 1 34 20 11 29 13 10 47 24 30 5 33 40 31 8
4 14 25 50 39 27 1 26 2 3 5 30 6 7 8 28 9 34 10 11 12 29 13 38 15 16 17 42 18 19 31 32 49 20 33 35 48 21 46 36 37 22 40 41 43 23 24 44 45 47
39 37 40 38 32 31 34 36 33 35 48 46 42 47 45 49 50 41 43 44 17 14 20 18 11 15 19 16 12 13 30 8 10 3 7 6 5 9 1 2 4 21 29 26 24 28 25 27 23 22
12 4 1 32 48 3 27 39 47 34 19 50 37 31 2 24 38 43 11 28 45 18 7 46 21 23 41 49 42 8 15 17 13 36 5 16 10 26 6 9 22 25 40 33 30 14 44 29 20 35
39 13 2 5 25 20 17 35 16 14 34 4 44 21 10 47 37 27 11 42 33 12 22 19 32 6 36 30 15 29 50 1 24 23 7 45 8 48 26 41 28 49 46 40 43 31 38 9 18 3
9 7 16 3 4 2 12 5 10 8 14 11 1 13 6 15
15 43 7 39 36 6 20 30 40 45 47 13 1 5 31 2 17 10 38 4 24 44 50 21 26 48 37 9 22 46 11 28 19 34 3 14 41 33 23 27 25 18 29 12 32 42 8 35 49 16
30 11 38 37 24 26 32 29 13 49 20 33 42 1 12 45 44 28 14 46 27 39 34 16 6 9 18 21 43 31 50 25 22 4 41 23 2 5 47 10 35 17 19 15 40 8 36 48 3 7
20 14 1 31 33 34 17 15 47 36 12 3 50 32 25 24 27 43 35 21 38 48 23 18 2 37 41 30 9 6 28 13 4 16 49 22 11 26 7 10 19 8 29 5 40 44 39 46 42 45
8 17 1 36 32 34 10 19 6 24 23 29 4 26 33 31 3 13 15 40 21 27 5 9 14 30 39 2 35 22 25 20 12 11 28 37 38 16 18 7
20 19 18 35 37 22 10 34 33 40 45 4 30 50 46 41 8 28 38 14 7 49 25 44 11 24 48 15 6 17 36 2 3 39 9 42 23 47 21 5 31 13 16 1 12 29 43 32 26 27
37 39 50 14 16 42 40 47 12 31 9 3 6 34 49 33 15 20 13 38 4 26 36 27 19 10 46 17 23 28 21 43 24 11 8 30 32 25 1 44 29 5 35 41 2 45 22 48 7 18
24 25 26 27 28 23 22 29 30 31 21 20 32 19 33 18 34 17 35 16 36 15 37 14 38 13 39 12 40 11 41 10 42 9 43 8 44 7 45 6 46 5 47 4 48 3 49 2 1 50
49 5 23 31 37 46 40 47 11 2 26 38 22 8 43 15 9 32 20 45 28 18 44 19 30 29 1 4 10 27 42 17 24 33 50 36 48 3 21 16 13 12 6 34 14 25 41 39 7 35
35 33 29 3 9 45 47 16 7 18 48 32 5 27 41 15 22 38 11 2 20 31 37 23 49 8 39 36 19 21 43 25 10 50 4 17 28 1 42 44 34 24 14 30 26 6 40 13 46 12
6 2 9 7 1 12 3 4 8 5 10 11
22 40 44 48 33 39 13 38 20 23 21 42 41 12 29 32 47 18 36 9 4 46 24 5 11 25 14 43 31 28 37 16 10 19 34 50 1 49 45 8 3 35 6 2 30 27 7 15 17 26
14 48 45 27 3 20 1 35 19 25 34 36 49 13 32 30 42 12 38 11 21 17 47 44 33 28 23 39 22 46 41 16 8 43 6 10 29 24 2 4 9 40 26 7 31 37 50 5 15 18
33 6 27 45 14 28 7 10 31 41 21 24 20 8 39 18 47 44 19 1 23 36 30 16 38 40 9 12 29 13 49 34 11 42 48 15 35 4 26 5 17 50 43 22 32 37 2 25 46 3
22 14 16 8 13 15 11 4 3 23 6 10 1 19 21 9 12 2 7 17 20 24 18 5
26 30 27 46 3 12 29 14 31 6 43 13 45 33 21 28 37 20 32 10 15 18 40 4 35 7 19 25 23 47 5 1 22 41 39 2 48 42 16 38 17 8 36 44 9 24 11 34
41 40 39 42 37 38 35 34 33 36 31 32 29 28 27 30 25 26 23 22 21 24 19 20 17 16 15 18 13 14 11 10 9 12 7 8 5 4 3 6 44 43 48 45 46 47 2 1
45 40 19 17 48 16 30 37 28 29 14 1 36 4 5 9 20 38 2 11 27 15 35 6 31 49 25 24 13 41 34 44 42 10 43 26 8 33 46 18 47 32 21 22 7 50 39 3 12 23
41 48 12 22 20 40 13 1 26 28 11 2 4 45 30 42 49 29 23 43 32 31 18 47 24 6 16 19 17 25 44 3 7 10 37 5 9 39 21 33 35 36 14 50 46 8 27 15 38 34
1 2 3 4 5 6 7 8 9 10 11 12 13 14 15 16 17 18 19 20 21 22 23 24 25 26 27 28 29 30 31 32 33 34 35 36 37 38 39 40 41 42 43 44 45 46 47 48 49 50
21 4 19 1 20 5 15 9 6 17 10 13 8 26 18 2 22 24 12 3 14 7 11 25 16 23
21 12 6 46 43 35 18 4 7 49 42 24 10 11 41 30 32 23 14 5 50 27 31 17 16 28 38 26 2 3 9 36 33 45 13 1 8 44 47 39 25 15 48 40 37 19 20 22 34 29
44 41 46 17 11 15 40 31 34 3 1 9 43 42 45 8 2 10 30 22 25 24 26 21 27 28 23 29 6 4 5 39 19 14 13 36 33 35 20 12 16 50 49 48 18 47 7 37 32 38
25 4 19 17 12 3 2 18 37 31 6 47 45 9 8 50 49 48 36 22 15 16 42 23 39 14 5 27 13 46 40 20 29 44 34 7 24 35 41 28 1 10 30 26 11 21 38 32 33 43
22 6 29 26 47 1 17 36 14 9 21 19 12 13 39 49 24 43 33 5 25 28 45 37 40 10 35 38 4 23 42 11 41 18 2 15 30 48 8 44 46 7 3 32 50 27 20 31 16 34
14 15 33 39 4 35 6 40 44 13 37 29 8 42 34 36 47 16 31 23 43 1 3 9 7 27 12 26 18 45 28 49 24 30 46 22 21 38 32 41 5 2 50 11 25 10 19 17 48 20
36 2 5 19 4 20 31 44 16 6 30 40 25 50 27 48 18 33 46 45 7 13 28 22 26 15 8 12 3 24 47 11 49 38 34 43 37 41 9 42 39 29 10 14 32 1 21 35 17 23
20 9 31 46 3 19 15 43 42 21 40 22 45 23 29 13 50 26 28 7 44 1 35 49 36 38 41 5 25 12 24 4 14 48 8 18 30 10 47 11 6 17 33 2 34 16 39 27 37 32
10 11 34 46 40 2 22 36 9 16 19 17 37 49 47 14 21 33 45 38 39 31 30 8 20 27 7 44 28 5 41 1 13 3 4 50 42 48 24 23 35 12 32 25 6 15 43 18 26 29
49 4 50 34 21 17 18 38 40 39 6 37 10 11 27 48 13 28 20 8 36 14 46 3 12 42 25 32 29 44 16 30 22 19 43 47 2 26 35 24 7 1 41 33 5 15 31 9 23 45
1 5 3 6 4 2
19 4 27 16 9 2 29 18 14 22 17 24 30 5 20 6 7 21 11 12 15 28 10 26 3 25 1 8 13 23
24 25 17 15 48 47 19 27 4 41 45 46 9 8 29 36 39 16 35 18 37 13 33 6 43 11 2 40 7 34 12 50 30 26 28 10 20 5 44 38 21 1 14 22 42 3 23 31 32 49
12 1 2 3 4 5 6 7 8 9 10 11 13 14 15 16 17 47 18 19 46 20 45 21 22 23 24 44 25 26 27 28 43 29 30 31 32 33 34 35 36 37 38 39 40 41 42 48 49 50
31 1 26 10 23 9 22 13 21 14 29 7 19 12 32 4 25 8 18 17 16 33 11 24 5 28 3 34 6 30 15 27 2 20
5 3 2 8 6 9 11 1 12 7 10 4
1 2 8 5 3 4 30 36 35 37 38 44 43 45 48 42 41 39 40 34 33 31 32 29 27 26 6 7 9 12 11 13 14 20 19 21 22 28 25 23 24 18 17 15 16 10 46 47
49 48 47 46 45 44 43 42 41 40 39 38 37 36 35 34 33 32 31 30 29 28 27 26 25 24 23 22 21 20 19 18 17 16 15 14 13 12 11 10 9 8 7 6 5 4 3 2 1 50
41 15 48 27 16 14 26 45 6 23 39 17 32 19 31 43 12 30 24 9 8 34 4 50 22 21 40 38 25 7 13 33 44 47 5 37 10 49 20 3 28 2 46 36 42 11 1 18 35 29
2 9 4 3 16 1 14 17 13 8 5 7 10 15 20 19 12 6 18 11
44 11 18 41 50 31 42 23 16 47 8 20 19 10 24 29 13 6 14 15 17 43 2 37 1 26 35 39 48 28 3 49 7 36 5 38 25 46 27 30 33 40 9 45 34 4 22 32 12 21
15 28 5 30 34 10 21 41 38 11 44 43 2 20 49 29 13 9 8 32 31 42 27 12 3 19 35 18 23 1 47 45 4 48 40 39 16 33 6 37 25 17 24 22 46 36 14 50 26 7
35 49 29 42 12 17 47 19 1 45 21 43 16 15 6 32 31 23 30 2 13 7 20 39 34 28 37 24 40 50 22 8 9 36 41 33 4 11 5 46 14 26 3 44 10 38 27 18 48 25
15 25 43 41 38 50 9 35 20 14 44 26 24 37 29 1 28 22 4 45 7 42 8 10 11 39 46 2 40 32 5 48 13 49 33 6 19 3 47 31 23 21 30 17 27 34 36 16 12 18
16 38 24 20 15 11 31 2 13 33 26 9 10 8 32 14 19 25 43 46 42 3 17 41 23 34 6 29 36 21 22 35 28 27 12 39 1 18 5 7 37 44 4 45 30 40
25 31 32 12 35 23 34 21 39 3 24 19 4 37 8 33 36 20 42 15 6 11 40 2 28 17 9 18 13 14 16 26 10 38 29 7 22 1 41 27 30 5
27 25 26 20 45 28 24 23 29 30 22 21 31 34 33 19 16 15 37 38 14 1 2 35 36 17 18 13 39 40 12 5 6 46 7 8 50 49 3 4 48 47 32 11 41 42 10 9 44 43
24 17 35 5 1 16 2 41 8 45 15 28 23 47 39 12 11 20 4 10 49 46 48 13 32 3 43 31 50 14 27 18 34 7 44 42 29 9 26 30 19 25 37 21 38 33 22 40 36 6
1 2 3 4 5 6 7 8 9 10 11 12 13 14 15 16 17 18 19 20 21 22 23 24 25 26 27 28 29 30 31 32 33 34 35 36 37 38 39 40 41 42 43 44 45 46 47 48 49 50
1 2 3 4 5 6 7 24 15 9 35 11 46 44 38 30 13 31 49 27 41 8 39 20 22 21 45 19 23 43 47 18 10 16 32 40 29 33 17 12 50 26 42 37 36 34 25 14 48 28
43 33 46 23 25 13 47 14 7 17 21 22 29 42 20 6 27 39 4 3 45 35 31 41 48 44 12 1 2 50 30 9 16 18 8 24 11 32 10 15 34 36 38 26 49 37 28 40 19 5
14 43 39 20 41 15 31 45 12 30 26 18 34 19 29 7 32 11 23 21 48 28 46 49 27 13 6 5 3 1 17 44 33 22 47 10 25 37 36 4 24 16 38 9 2 42 50 40 8 35
6 4 5 1 2 3
40 17 24 30 7 46 15 31 23 1 35 3 43 16 19 26 38 25 22 33 4 41 18 5 13 9 8 39 45 34 28 48 27 29 14 37 20 42 36 2 10 49 47 21 11 32 6 50 44 12
23 22 20 3 4 10 25 38 1 12 28 42 34 8 29 50 26 48 36 39 41 17 13 6 27 2 18 15 14 24 31 9 49 16 46 32 33 43 21 11 44 35 19 37 47 5 40 7 30 45
18 28 33 13 3 8 44 11 10 35 36 46 1 19 16 5 50 22 23 9 27 41 26 45 43 14 47 31 4 12 38 49 40 30 29 17 24 48 42 39 2 34 25 20 7 21 15 37 6 32
46 6 17 14 49 40 4 45 7 13 22 15 20 30 36 34 21 11 27 42 37 24 48 33 16 39 41 50 1 43 25 9 29 28 18 8 31 35 5 44 26 23 47 3 2 38 32 10 19 12
29 49 22 7 2 46 3 47 28 26 1 8 44 34 9 18 6 45 37 13 21 40 10 16 38 35 25 41 24 19 11 36 12 48 15 32 4 27 23 43 42 31 33 50 30 5 39 20 14 17
11 7 6 5 12 10 4 2 1 8 3 9
28 35 43 5 25 42 21 44 39 18 11 2 36 30 22 46 7 19 29 33 8 26 15 45 16 31 32 41 48 4 14 12 1 23 38 20 40 27 10 49 17 37 9 13 6 34 24 50 47 3
40 30 41 44 3 7 14 4 34 9 33 19 46 17 23 45 43 36 11 39 29 15 18 21 20 10 1 42 24 6 8 38 2 50 49 13 37 26 25 27 47 32 5 12 35 48 28 16 31 22
28 37 43 9 1 3 39 41 47 13 5 11 42 38 29 17 25 10 40 26 30 14 8 22 49 31 12 20 18 36 46 32 23 15 2 34 48 7 19 21 50 35 33 4 24 6 44 45 27 16
20 21 45 31 37 39 40 38 12 8 6 43 42 23 10 28 27 34 2 33 41 18 49 19 29 17 47 35 14 26 24 16 50 1 32 4 5 36 7 25 9 48 44 30 13 11 46 3 15 22
19 42 34 3 37 36 18 41 39 10 11 7 17 6 31 50 32 49 30 29 44 38 14 8 45 48 46 20 33 12 24 21 13 1 28 40 22 43 5 4 15 9 16 35 25 47 27 23 26 2
45 39 21 19 12 2 47 15 7 26 44 18 29 20 6 22 43 17 9 50 25 14 40 8 5 49 24 46 42 4 38 36 28 16 31 32 37 27 33 41 35 3 23 10 34 11 48 1 13 30
38 6 15 39 41 40 43 18 42 12 26 13 50 3 22 48 32 44 1 21 19 33 36 25 16 34 27 20 8 46 7 23 35 10 29 28 2 11 30 37 4 17 9 14 47 5 49 31 45 24
12 17 35 23 26 39 38 50 22 34 29 27 49 30 48 7 31 15 44 3 1 20 33 9 45 19 16 10 13 36 6 11 18 32 21 47 25 8 41 43 4 5 46 2 42 14 24 28 37 40
4 2 12 6 10 11 9 5 3 8 7 14 1 13
20 11 2 18 10 5 6 14 12 15 19 3 4 7 9 16 8 17 13 1
2 15 16 14 6 1 4 12 7 5 8 13 3 9 10 11
18 2 3 5 4 8 6 7 9 10 12 13 11 15 14 16 17 22 20 19 27 21 23 24 29 28 30 26 25 31 34 32 40 39 37 33 38 36 35 1
4 20 47 23 41 32 40 37 45 22 27 50 7 12 35 14 13 46 30 31 38 9 24 3 25 48 6 21 44 8 28 16 49 36 43 19 39 11 42 1 18 10 5 34 33 26 15 17 29 2
27 47 20 30 11 44 40 3 43 36 1 48 2 25 32 29 15 46 13 31 4 49 6 26 17 24 8 5 45 23 12 42 9 28 39 14 41 35 37 34 18 10 19 16 7 22 21 50 33 38
1 2 3 4 5 6 7 8 9 10 11 12 13 14 15 16 17 18 19 20 21 22 23 24 25 26 27 28 29 30 31 32 33 34 35 36 37 38 39 40 41 42 43 44 45 46 47 48
1 2 3 4 5 6 7 8 9 10 11 12 13 14 15 16 17 18 19 20 21 22 23 24 25 26 27 28 29 30 31 32 33 34 35 36 37 38 39 40 41 42 43 44 45 46 47 48 49 50
40 39 38 8 33 34 35 36 41 42 43 45 44 46 47 48 49 50 30 6 7 37 5 2 3 4 9 10 11 12 13 14 16 15 17 18 19 20 21 22 23 24 25 26 27 28 29 1 31 32
3 32 1 21 35 33 19 29 9 34 26 5 48 38 36 7 18 12 28 42 25 30 16 37 46 17 50 4 13 40 2 8 22 44 15 45 6 27 39 10 20 41 24 31 43 47 14 49 23 11
5 34 2 14 20 43 6 32 7 17 35 26 33 15 22 3 45 21 44 4 13 46 48 47 39 37 25 42 9 19 24 16 1 27 36 31 10 18 41 38 40 28 30 23 29 8 11 12
16 50 41 15 14 28 7 8 49 6 33 40 2 13 20 44 29 39 30 21 17 10 35 26 46 31 3 18 27 1 19 23 47 4 32 12 38 22 34 9 5 45 11 25 24 43 37 36 48 42
16 20 21 3 7 1 42 41 45 47 31 33 19 36 14 22 15 46 44 43 39 35 40 6 27 8 2 11 32 4 5 13 30 37 17 38 50 49 18 25 34 26 29 48 24 23 28 9 10 12
42 44 9 26 29 32 23 20 37 34 17 25 8 50 2 18 35 40 33 27 43 49 11 39 12 22 4 1 30 14 46 16 36 31 24 45 10 15 5 6 28 41 19 7 47 38 48 3 21 13
13 6 19 16 12 41 43 8 32 23 15 4 48 31 34 38 28 37 18 3 9 20 42 14 22 17 30 7 33 11 47 39 27 44 2 46 35 5 36 24 50 21 40 45 25 26 10 29 1 49
42 16 40 27 48 29 49 43 32 10 39 25 44 31 2 15 26 22 18 4 45 37 38 24 19 50 23 11 9 12 20 21 47 13 41 8 46 35 14 30 3 1 7 6 34 5 28 36 33 17
5 3 6 4 1 2
11 9 34 22 12 37 28 18 30 46 26 14 3 33 41 38 27 15 47 24 4 16 44 31 5 19 1 6 39 23 10 7 42 32 17 20 48 50 40 29 2 36 43 21 8 25 49 35 45 13
9 1 5 3 2 10 12 11 6 8 4 7
9 6 7 8 14 13 12 11 10 5 4 1 2 3 23 24 20 19 18 22 21 17 16 15
19 30 27 10 44 11 37 16 23 26 18 47 45 41 38 3 33 1 31 43 8 24 42 29 2 28 7 36 15 14 25 49 32 48 4 21 22 9 13 46 39 17 12 6 20 34 40 5 50 35
10 19 9 48 36 6 18 24 49 25 8 31 28 22 2 30 41 27 20 4 23 13 11 40 12 16 46 17 5 47 33 45 14 32 34 7 39 35 43 15 38 26 21 1 42 3 50 29 37 44
30 43 3 15 32 36 41 27 31 12 34 42 19 10 44 17 16 14 21 23 2 39 46 37 45 24 5 18 13 25 28 29 22 33 1 6 47 20 8 50 49 4 35 38 7 40 26 9 48 11
42 14 25 36 40 46 11 13 15 30 24 33 50 18 7 23 35 49 45 43 9 20 17 41 19 29 16 39 10 12 37 5 28 3 6 32 21 26 27 2 31 44 8 34 4 22 1 48 47 38
26 25 29 28 32 31 30 43 42 41 45 44 48 47 46 27 22 23 24 20 21 17 18 19 38 39 40 36 37 33 34 35 11 10 9 13 12 16 15 14 6 7 8 4 5 1 2 3
48 23 34 15 7 27 20 36 45 5 25 26 35 40 30 29 44 42 4 39 8 10 19 32 37 14 3 50 33 49 28 2 47 16 43 22 21 17 11 31 6 1 12 18 46 9 41 24 13 38
30 5 17 40 24 41 8 19 50 23 1 15 44 16 36 45 43 7 27 38 28 18 22 42 13 21 12 26 31 4 14 37 34 46 10 49 11 33 29 2 39 9 35 48 32 3 47 6 25 20
1 6 3 5 8 4 7 2
46 33 10 43 25 27 34 21 8 9 22 49 29 20 32 26 7 23 1 2 15 38 11 42 50 39 28 16 19 17 24 37 40 30 14 5 47 12 18 4 44 36 3 13 48 6 35 41 45 31
6 13 3 4 10 7 8 2 1 11 9 14 5 12
11 21 33 5 35 4 46 39 13 36 20 17 6 12 7 16 18 8 2 1 3 23 50 40 10 32 38 29 15 30 28 24 45 26 14 27 9 19 31 25 34 41 44 48 42 43 37 22 47 49
1 2 4 3 6 5 7 8
40 41 42 46 47 48 45 44 43 39 38 37 33 36 35 34 30 29 28 24 23 22 18 17 16 12 11 10 6 5 4 1 2 3 7 8 9 13 14 15 19 20 21 25 26 27 31 32
39 36 4 27 20 33 3 10 26 40 15 25 17 42 31 8 37 24 2 49 45 46 50 11 48 22 21 35 38 12 18 6 14 41 32 19 7 28 9 29 13 47 43 23 30 5 34 44 16 1
6 8 13 19 1 14 26 15 24 22 5 2 23 3 4 17 10 20 18 9 16 11 12 21 7 25
7 12 3 6 4 1 11 13 2 10 8 5 16 9 15 14
23 24 20 21 17 18 19 38 39 40 36 37 33 34 35 22 30 31 32 28 29 25 26 27 46 47 48 44 45 41 42 43 14 15 16 12 13 9 10 11 6 7 8 4 5 1 2 3
18 12 17 19 15 26 6 44 9 27 30 14 13 1 40 45 16 31 8 23 21 43 34 22 2 7 25 11 39 10 47 29 5 4 24 32 20 36 41 48 35 46 37 28 3 33 42 38
4 5 9 37 34 45 8 23 10 43 44 29 17 25 7 46 47 14 16 28 36 42 24 12 3 48 38 31 2 21 19 35 33 40 20 1 27 26 49 15 39 30 18 22 13 41 32 50 6 11
35 14 8 47 50 38 20 40 45 43 3 24 6 48 7 28 12 21 1 42 26 27 11 23 49 9 15 34 39 10 18 13 2 29 5 16 22 37 33 17 25 41 19 30 31 4 46 32 44 36
46 43 41 42 44 29 31 32 30 27 25 26 28 21 23 24 22 19 17 18 20 45 47 48 50 49 1 3 6 8 7 5 12 10 9 11 14 16 15 13 36 34 33 35 38 40 39 37 4 2
19 45 20 12 14 47 33 10 8 40 46 39 11 6 25 43 30 27 4 2 35 36 31 13 32 18 26 22 7 28 9 29 44 38 24 49 37 16 34 17 15 42 5 50 3 48 41 23 21 1
18 37 24 10 1 36 7 35 44 31 40 43 32 15 20 21 23 47 22 5 6 14 3 25 2 13 48 16 9 33 4 39 50 27 34 11 46 8 19 28 30 49 17 26 29 42 38 12 41 45
15 46 20 48 33 39 25 4 27 30 21 41 13 28 8 42 40 7 1 26 5 23 22 34 32 9 3 50 17 29 6 31 36 16 24 49 45 19 47 11 2 43 35 12 44 38 14 18 10 37
10 2 4 1 3 6 9 5 7 8
42 5 34 46 9 26 50 17 48 1 13 30 11 29 14 23 3 8 45 18 28 19 2 47 35 22 16 36 43 38 20 44 33 24 7 25 40 10 27 31 21 6 41 12 39 37 4 49 15 32
4 5 3 2 7 6 1 20 21 23 22 24 19 14 15 17 16 18 13 8 9 11 10 12
23 14 18 22 13 2 43 37 38 9 12 8 27 30 7 40 45 48 35 15 47 32 17 33 3 28 46 21 19 11 34 49 44 6 20 29 4 41 5 10 42 31 36 39 16 25 26 24 1 50
32 17 16 42 18 45 20 24 37 5 8 25 41 15 48 40 44 7 43 11 14 26 3 19 12 2 29 21 35 39 33 46 9 27 1 22 10 23 36 30 28 6 34 31 38 13 4 47
16 15 18 11 4 13 14 20 21 12 3 10 2 22 8 7 5 17 9 6 19 1
41 47 35 7 4 40 8 5 31 29 22 28 49 37 11 16 9 32 36 1 14 15 38 27 44 34 18 25 24 19 46 21 43 39 3 20 30 42 26 10 33 6 17 2 50 13 45 48 12 23
1 2 3 25 24 29 28 26 27 30 23 22 21 20 13 12 11 10 9 8 7 6 5 4 19 18 14 15 17 16
2 8 10 15 1 19 24 44 42 43 4 38 33 47 41 46 34 30 3 36 6 22 13 48 14 7 31 28 18 40 29 39 16 49 17 25 50 37 9 23 32 27 35 21 26 12 45 20 5 11
32 29 22 17 28 18 24 30 20 23 31 19 26 21 27 25 49 9 11 5 10 3 16 13 6 1 12 2 8 14 4 7 15 50 33 44 34 40 46 36 38 45 48 39 47 35 42 37 43 41
30 36 49 31 48 2 32 43 16 12 29 42 24 14 34 27 28 38 4 44 21 22 23 5 39 13 10 20 9 40 3 46 6 15 37 35 47 33 25 41 1 17 26 19 11 7 45 50 8 18
34 35 49 19 21 1 4 42 25 23 28 6 36 38 45 24 30 43 16 26 12 8 37 41 9 29 44 17 22 33 13 32 15 27 47 40 39 18 10 5 50 3 46 14 31 7 2 11 48 20
13 40 39 38 37 36 35 34 33 32 31 30 29 28 27 26 25 24 23 22 21 20 19 18 17 16 15 14 8 9 10 11 12 7 6 5 4 3 2 1
43 36 35 12 16 3 26 19 42 32 29 2 11 33 44 22 1 40 46 25 17 47 9 10 49 38 4 13 45 31 7 23 34 20 39 14 8 28 15 27 6 18 30 48 41 5 24 50 37 21
10 12 45 2 27 21 43 13 38 42 9 28 41 26 18 36 46 6 25 47 1 3 30 22 50 32 31 5 34 35 44 16 33 20 23 40 39 14 49 48 29 24 8 15 37 17 11 19 7 4
19 1 3 2 4 6 5 49 50 46 44 43 41 42 40 38 39 37 35 36 34 32 33 31 29 30 28 26 27 25 23 24 22 20 21 15 17 18 16 14 13 9 11 12 10 8 7 45 47 48
3 2 1 5 4 8 7 6 19 11 10 9 13 12 16 15 14 22 23 24 20 21 17 18
39 11 10 38 20 30 48 43 25 24 14 7 18 35 2 26 19 32 3 23 47 16 9 46 33 8 22 36 31 13 45 44 21 15 41 50 1 40 27 34 28 12 5 4 6 42 49 37 17 29
8 4 20 29 23 28 13 24 44 17 15 6 5 2 50 36 40 32 46 31 7 21 49 35 33 38 10 43 1 12 34 16 9 39 27 30 14 18 22 47 11 3 41 45 42 25 19 26 37 48
1 3 5 6 8 7 9 10 2 4
34 32 37 4 8 20 48 39 43 5 24 3 44 35 28 2 1 7 45 47 11 23 19 26 30 18 17 14 31 50 46 13 21 15 42 27 49 16 9 33 29 38 10 22 6 41 36 40 12 25
34 35 6 5 1 2 3 43 42 41 45 44 48 47 46 22 27 26 25 29 28 32 33 37 36 40 39 38 30 31 13 9 10 11 12 16 15 14 19 18 17 21 20 24 23 4 8 7
41 42 43 11 10 9 8 40 39 7 6 5 4 36 37 38 30 29 28 27 26 25 24 23 22 21 20 19 18 17 16 15 14 13 12 44 45 1 2 3 35 34 33 32 31 46 47 48
3 8 5 1 7 4 2 6
16 40 50 13 33 1 14 36 30 32 35 37 10 22 18 17 44 19 28 12 15 6 4 9 29 5 8 27 26 39 48 34 45 23 11 7 31 43 46 20 41 24 21 2 38 42 25 3 49 47
2 1 3 4 5 6 7 8 9 10 11 12 13 14 15 16 17 18 19 20 21 22 23 24 48 47 46 45 44 43 42 41 40 39 38 37 36 35 34 33 32 31 30 29 28 27 25 26
3 39 26 7 42 5 15 43 47 6 25 35 48 17 45 30 2 18 50 41 36 46 34 12 32 1 4 13 23 40 31 37 33 20 21 16 49 8 24 38 19 44 28 27 29 14 22 11 9 10
5 2 3 4 1 6
18 10 36 33 5 7 29 2 16 14 31 4 12 9 8 43 35 23 27 40 30 1 19 22 25 17 46 3 26 32 41 11 6 34 21 45 15 20 28 44 38 39 37 13 42 24
1 2 3 4 5 6 7 8 9 10 11 12 13 14 15 16 17 18 19 20 21 22 23 24 25 26 27 28 29 30 31 32 33 34 35 36 37 38 39 40 41 42 43 44 45 46 47 48
41 47 25 23 2 40 34 39 12 49 48 17 7 9 50 32 13 20 22 37 26 15 33 19 16 44 24 35 45 42 11 46 3 14 31 1 10 5 36 29 8 4 21 27 6 28 38 18 30 43
23 20 42 6 9 10 14 35 15 44 34 26 28 18 30 38 41 17 2 5 36 22 4 31 43 12 11 33 45 47 8 46 48 29 25 3 1 7 19 13 32 27 16 50 39 37 40 49 21 24
27 17 3 4 14 25 39 19 38 22 37 46 5 12 48 42 50 11 24 2 28 31 21 7 20 34 8 49 29 13 32 26 33 47 16 9 30 40 35 6 45 41 43 44 10 23 1 18 15 36
1 4 2 3
20 22 8 9 18 16 3 6 12 15 11 21 2 23 25 24 14 13 5 10 26 17 7 1 4 19
33 2 18 24 35 31 40 26 10 19 32 25 49 23 47 15 30 41 7 9 22 44 38 50 45 46 36 28 4 5 39 6 13 1 21 27 34 14 20 43 29 17 48 8 37 3 11 16 12 42
23 13 21 44 28 19 49 22 40 20 18 25 1 14 47 41 38 12 10 50 32 2 17 48 4 5 46 3 27 39 6 42 29 36 37 35 24 31 34 7 30 15 33 16 45 8 11 26 43 9
17 2 28 40 29 5 36 15 23 34 7 10 39 14 37 46 11 42 13 6 43 31 38 24 48 50 22 1 30 12 33 25 20 32 3 19 45 35 26 21 16 49 18 44 8 4 27 41 47 9
42 14 34 10 4 2 38 13 50 27 49 17 5 35 40 7 43 8 16 20 33 37 21 6 36 31 28 39 18 47 48 12 19 22 30 44 32 3 9 45 24 41 29 25 15 46 23 1 26 11
36 28 37 47 38 21 29 31 39 12 20 15 42 25 14 24 49 19 18 48 13 3 41 17 8 22 11 4 7 26 50 45 9 44 46 23 35 1 2 32 33 10 5 34 16 6 30 27 40 43
11 2 14 49 35 36 1 21 38 31 39 4 23 7 41 34 42 6 44 33 46 17 24 26 8 16 15 32 18 30 29 40 9 12 10 37 50 45 22 47 43 48 13 25 20 28 27 3 5 19
18 17 21 20 24 23 22 43 42 41 45 44 48 47 46 19 14 15 16 12 13 9 10 11 38 39 40 36 37 33 34 35 30 31 32 28 29 25 26 27 6 7 8 4 5 1 2 3
23 10 5 25 2 15 6 12 21 22 18 20 14 13 17 4 1 7 24 26 9 19 11 8 16 3
4 7 6 5 2 1 3 8 11 9 12 15 13 14 10 16 19 17 18 21 22 23 20 24 27 25 26 29 30 31 28 32 35 33 34 37 38 39 36 40 43 41 45 46 47 44 42 48
9 2 13 3 16 14 17 1 8 7 6 5 4 12 15 10 11 18
39 10 36 30 35 16 23 38 40 7 29 17 47 37 28 19 6 15 46 27 50 3 48 2 41 5 9 32 45 11 22 24 12 42 26 18 44 33 34 4 25 43 21 13 49 14 31 8 1 20
25 18 41 39 44 37 40 34 35 23 29 5 6 3 13 12 22 19 30 4 9 1 10 42 28 24 26 15 32 31 47 46 50 49 48 36 43 27 38 20 21 17 45 14 33 11 16 7 8 2
10 40 41 42 6 5 4 46 47 48 1 2 3 45 44 43 7 8 9 39 38 37 11 12 36 35 13 14 15 33 34 16 17 18 30 29 28 22 23 24 25 26 27 21 20 19 31 32
39 37 34 17 6 14 21 26 46 24 19 40 11 30 48 22 20 27 47 29 42 23 25 12 18 36 28 31 15 5 4 38 50 2 16 35 3 45 9 8 44 33 43 13 32 41 1 49 7 10
44 49 5 48 1 2 12 6 7 21 3 50 41 8 37 36 34 38 42 32 29 33 35 47 39 28 27 46 31 30 25 26 20 19 24 23 22 11 14 17 15 18 9 4 16 10 40 43 45 13
1 6 2 4 3 5
17 37 9 11 14 35 16 46 31 40 7 23 49 48 2 21 3 10 42 12 44 15 33 32 5 30 36 20 13 45 22 25 1 43 6 47 39 8 34 26 27 41 19 24 4 29 50 28 18 38
1 6 3 7 5 8 4 2
1 2 3 4 49 48 47 46 45 44 43 42 41 40 39 38 37 36 35 34 33 32 31 30 29 28 27 26 25 24 23 22 21 20 19 18 17 16 15 14 13 12 11 10 9 8 7 6 5 50
31 14 25 30 19 3 28 34 7 24 23 5 22 10 27 2 32 16 35 20 11 15 8 21 12 1 18 26 29 36 9 6 4 33 13 17
26 40 13 10 17 16 2 19 8 11 12 5 46 34 44 1 28 9 42 22 21 6 35 30 24 33 15 31 27 29 36 14 20 45 7 38 4 25 18 43 39 47 23 3 37 48 41 32
20 27 31 22 32 25 26 3 19 38 15 24 23 33 6 41 18 21 16 45 12 36 29 48 47 35 10 39 50 43 46 14 37 8 1 7 40 49 34 44 2 4 17 30 5 42 11 9 13 28
15 14 13 7 8 9 10 11 12 6 5 4 18 17 16 1 2 3
40 9 1 6 32 13 16 39 19 21 28 27 11 26 46 24 10 35 41 38 30 43 5 45 23 20 14 34 37 15 42 7 18 33 2 36 12 29 22 31 49 50 8 3 48 44 17 47 4 25
3 20 19 27 35 26 40 33 5 36 7 46 14 6 10 29 43 32 28 22 49 12 39 48 16 23 45 50 41 18 11 44 24 31 21 25 38 13 47 17 15 1 37 2 9 8 30 42 4 34
30 15 40 47 38 2 49 1 28 8 25 42 4 22 34 18 26 20 35 21 11 17 37 23 46 32 13 50 7 19 39 3 9 16 27 41 45 24 6 29 12 33 10 5 36 44 14 43 31 48
26 22 27 15 3 12 11 21 5 9 17 7 19 10 44 24 36 42 35 29 40 14 37 46 6 30 23 45 1 33 4 28 20 18 39 38 2 31 34 43 41 16 32 8 25 13
43 30 46 8 31 41 3 39 19 21 9 32 34 38 26 1 16 42 35 5 27 23 2 37 29 45 6 20 17 36 14 44 24 10 11 40 25 15 28 12 18 33 7 4 22 13
31 7 26 9 3 20 44 19 8 12 17 38 49 46 42 39 30 11 32 34 18 14 23 28 25 48 50 41 33 6 2 37 36 5 4 47 43 40 21 13 16 29 45 22 24 15 35 1 10 27
22 40 13 1 7 14 11 30 6 19 37 47 36 38 42 44 49 28 18 10 45 48 34 25 15 4 26 32 8 12 2 5 24 39 43 23 29 50 3 33 41 9 21 17 35 20 16 27 31 46
12 21 22 18 20 14 13 17 4 1 7 24 26 9 19 11 8 3 16 10 5 25 2 15 6 23
3 14 11 27 8 30 19 7 12 9 16 1 24 26 13 15 21 10 23 22 17 28 20 29 6 4 2 5 18 25
37 38 39 28 30 29 19 21 20 10 11 12 1 3 2 41 40 42 31 33 32 22 24 23 13 15 14 4 6 5 8 9 7 17 18 16 26 27 25 35 36 34 44 43
27 47 1 34 33 38 30 11 50 14 42 10 25 17 5 40 43 7 21 45 13 49 48 23 41 24 44 15 4 28 19 16 46 18 31 26 3 29 8 36 32 12 35 22 2 9 6 20 37 39
30 40 9 22 11 6 49 25 21 18 7 36 4 46 43 28 34 48 8 1 45 16 19 17 37 24 23 12 32 35 31 41 29 44 3 33 13 10 14 39 5 42 26 38 20 27 47 50 15 2
38 31 26 34 18 10 25 15 1 35 21 13 9 19 32 48 40 39 17 8 44 16 50 3 22 37 46 36 2 24 28 33 30 41 42 23 11 5 12 49 6 4 47 43 27 45 29 7 20 14
20 21 36 44 45 42 2 10 29 26 4 48 49 33 7 18 15 28 50 35 40 5 6 46 17 13 47 23 14 38 3 43 19 12 32 37 16 9 41 8 34 24 1 25 22 39 31 27 11 30
48 49 50 33 32 31 30 29 28 27 26 25 47 46 45 3 1 2 7 8 9 23 5 6 11 10 12 13 14 15 16 17 18 19 20 21 24 4 22 34 35 36 37 38 39 40 41 42 43 44
40 25 38 13 34 19 49 14 20 32 23 37 41 12 9 46 36 30 27 3 43 21 15 2 8 24 10 50 5 44 1 29 26 4 16 47 18 22 28 33 35 42 17 45 31 6 48 7 39 11
41 10 40 33 15 9 27 35 4 44 30 43 3 20 32 36 14 46 31 25 26 13 5 37 42 34 16 1 7 23 21 18 11 8 38 2 28 19 47 12 22 6 39 17 24 29 45 48
18 19 20 21 22 23 24 17 9 16 15 14 10 11 12 13 45 44 43 42 46 47 48 41 5 25 32 31 30 26 27 28 29 37 36 35 34 38 39 40 33 1 8 7 6 2 3 4
8 5 30 25 15 3 24 10 29 32 16 31 26 2 28 1 27 6 21 19 4 17 13 9 18 23 20 12 22 14 11 7
7 5 18 35 50 43 14 10 24 26 23 2 8 40 48 29 11 3 19 41 45 37 25 27 42 38 16 13 17 33 44 30 20 4 21 39 46 34 22 6 12 31 36 32 9 1 15 28 47 49
1 3 14 15 7 10 11 2 4 5 12 13 16 6 9 8
17 21 2 10 14 3 18 15 9 22 1 25 7 11 5 20 8 24 4 13 23 26 6 19 16 12
